1 3.978 7.279 0.006 1.03
1 7.973 7.542 0.012 1.06
1 11.940 7.816 0.013 1.10
1 15.926 8.170 0.015 1.13
1 19.891 8.431 0.016 1.16
1 23.974 8.691 0.018 1.19
1 27.852 9.119 0.021 1.22
1 31.943 9.536 0.022 1.26
1 35.829 10.038 0.024 1.29
1 39.832 10.493 0.027 1.32
1 43.816 10.915 0.029 1.35
1 47.673 11.529 0.029 1.38
1 51.610 12.246 0.031 1.41
1 55.568 12.840 0.032 1.44
1 59.591 13.512 0.035 1.48
1 63.437 14.197 0.037 1.51
1 67.352 14.925 0.038 1.54
1 71.295 15.490 0.040 1.57
1 75.263 16.100 0.040 1.60
1 79.163 16.828 0.041 1.63
1 83.080 17.524 0.043 1.66
1 87.027 18.156 0.044 1.70
1 90.957 18.902 0.046 1.73
1 94.888 19.657 0.047 1.76
1 98.800 20.481 0.048 1.79
1 102.714 21.299 0.049 1.82
1 106.621 22.064 0.050 1.85
1 110.461 22.921 0.051 1.88
1 114.453 23.722 0.052 1.92
1 122.311 25.172 0.054 1.98
1 126.252 25.794 0.056 2.01
1 130.207 26.370 0.057 2.04
1 134.167 26.921 0.060 2.07
1 138.127 27.420 0.062 2.11
1 153.949 29.720 0.065 2.23
1 157.873 30.282 0.065 2.26
1 161.835 30.814 0.067 2.29
1 165.817 31.295 0.068 2.33
1 173.759 32.416 0.074 2.39
1 177.684 33.087 0.076 2.42
1 181.630 33.634 0.078 2.45
1 185.663 34.180 0.081 2.49
1 189.558 34.757 0.084 2.52
1 193.531 35.245 0.085 2.55
1 197.482 35.664 0.086 2.58
1 201.424 36.301 0.087 2.61
1 205.362 36.964 0.088 2.64
1 209.276 37.762 0.089 2.67
1 213.202 38.513 0.090 2.71
1 217.114 39.237 0.091 2.74
1 221.069 39.887 0.092 2.77
1 225.022 40.296 0.093 2.80
1 229.006 40.725 0.094 2.83
1 232.920 41.201 0.095 2.86
1 236.904 41.783 0.096 2.90
1 240.846 42.461 0.098 2.93
1 244.758 43.184 0.100 2.96
1 248.716 43.717 0.102 2.99
1 252.666 44.280 0.102 3.02
1 256.627 44.771 0.103 3.05
1 260.596 45.287 0.103 3.08
1 264.526 45.769 0.104 3.12
1 268.516 46.131 0.105 3.15
1 272.489 46.691 0.106 3.18
1 276.452 47.234 0.107 3.21
1 347.780 55.717 0.126 3.78
1 351.726 56.068 0.127 3.81
1 355.726 56.497 0.128 3.85
1 359.729 56.910 0.129 3.88
1 363.635 57.348 0.130 3.91
2 11.940 7.816 0.006 1.03
2 15.926 8.170 0.010 1.06
2 19.891 8.431 0.013 1.10
2 23.974 8.691 0.015 1.13
2 27.852 9.119 0.017 1.16
2 31.943 9.536 0.018 1.19
2 35.829 10.038 0.020 1.22
2 39.832 10.493 0.022 1.25
2 43.816 10.915 0.025 1.29
2 47.673 11.529 0.027 1.32
2 51.610 12.246 0.029 1.35
2 55.568 12.840 0.030 1.38
2 59.591 13.512 0.031 1.41
2 63.437 14.197 0.033 1.44
2 67.352 14.925 0.035 1.48
2 71.295 15.490 0.036 1.51
2 75.263 16.100 0.038 1.54
2 79.163 16.828 0.039 1.57
2 83.080 17.524 0.041 1.60
2 87.027 18.156 0.042 1.63
2 90.957 18.902 0.043 1.66
2 94.888 19.657 0.044 1.70
2 98.800 20.481 0.046 1.73
2 102.714 21.299 0.047 1.76
2 106.621 22.064 0.049 1.79
2 110.461 22.921 0.050 1.82
2 114.453 23.722 0.052 1.85
2 118.381 24.475 0.053 1.88
2 122.311 25.172 0.055 1.91
2 126.252 25.794 0.056 1.95
2 130.207 26.370 0.058 1.98
2 134.167 26.921 0.059 2.01
2 138.127 27.420 0.060 2.04
2 142.057 27.963 0.062 2.07
2 146.031 28.600 0.063 2.10
2 149.992 29.190 0.065 2.14
2 153.949 29.720 0.066 2.17
2 157.873 30.282 0.068 2.20
2 161.835 30.814 0.069 2.23
2 165.817 31.295 0.071 2.26
2 169.793 31.792 0.072 2.29
2 173.759 32.416 0.074 2.33
2 177.684 33.087 0.075 2.36
2 181.630 33.634 0.077 2.39
2 185.663 34.180 0.078 2.42
2 189.558 34.757 0.080 2.45
2 193.531 35.245 0.081 2.48
2 197.482 35.664 0.083 2.52
2 201.424 36.301 0.085 2.55
2 205.362 36.964 0.087 2.58
2 209.276 37.762 0.089 2.61
2 213.202 38.513 0.090 2.64
2 217.114 39.237 0.092 2.67
2 221.069 39.887 0.093 2.70
2 225.022 40.296 0.094 2.74
2 229.006 40.725 0.095 2.77
2 232.920 41.201 0.096 2.80
2 236.904 41.783 0.096 2.83
2 240.846 42.461 0.097 2.86
2 244.758 43.184 0.098 2.89
2 248.716 43.717 0.099 2.93
2 252.666 44.280 0.100 2.96
2 256.627 44.771 0.101 2.99
2 260.596 45.287 0.102 3.02
2 264.526 45.769 0.103 3.05
2 268.516 46.131 0.104 3.08
2 272.489 46.691 0.105 3.12
2 276.452 47.234 0.106 3.15
3 0.000 7.029 0.015 1.13
3 3.978 7.279 0.012 1.10
3 7.973 7.542 0.010 1.06
3 11.940 7.816 0.007 1.03
3 19.891 8.431 0.006 1.03
3 23.974 8.691 0.009 1.06
3 27.852 9.119 0.012 1.10
3 31.943 9.536 0.014 1.13
3 35.829 10.038 0.016 1.16
3 39.832 10.493 0.018 1.19
3 43.816 10.915 0.020 1.22
3 47.673 11.529 0.023 1.25
3 51.610 12.246 0.026 1.29
3 55.568 12.840 0.028 1.32
3 59.591 13.512 0.030 1.35
3 63.437 14.197 0.032 1.38
3 67.352 14.925 0.033 1.41
3 71.295 15.490 0.035 1.44
3 75.263 16.100 0.036 1.47
3 79.163 16.828 0.037 1.51
3 83.080 17.524 0.039 1.54
3 87.027 18.156 0.040 1.57
3 90.957 18.902 0.042 1.60
3 94.888 19.657 0.044 1.63
3 98.800 20.481 0.044 1.66
3 102.714 21.299 0.046 1.69
3 106.621 22.064 0.046 1.73
3 110.461 22.921 0.047 1.76
3 114.453 23.722 0.049 1.79
3 118.381 24.475 0.050 1.82
3 122.311 25.172 0.051 1.85
3 130.207 26.370 0.053 1.91
3 134.167 26.921 0.057 1.95
3 138.127 27.420 0.059 1.98
3 142.057 27.963 0.060 2.01
3 146.031 28.600 0.062 2.04
3 149.992 29.190 0.060 2.07
3 153.949 29.720 0.063 2.10
3 157.873 30.282 0.064 2.14
3 161.835 30.814 0.065 2.17
3 165.817 31.295 0.066 2.20
3 169.793 31.792 0.069 2.23
3 173.759 32.416 0.071 2.26
3 177.684 33.087 0.077 2.29
3 181.630 33.634 0.079 2.33
3 185.663 34.180 0.080 2.36
3 189.558 34.757 0.081 2.39
3 193.531 35.245 0.083 2.42
3 197.482 35.664 0.084 2.45
3 201.424 36.301 0.086 2.48
3 205.362 36.964 0.086 2.52
3 209.276 37.762 0.087 2.55
3 213.202 38.513 0.089 2.58
3 217.114 39.237 0.091 2.61
3 221.069 39.887 0.093 2.64
3 225.022 40.296 0.094 2.67
3 229.006 40.725 0.094 2.70
3 232.920 41.201 0.095 2.74
3 236.904 41.783 0.095 2.77
3 240.846 42.461 0.097 2.80
3 244.758 43.184 0.098 2.83
3 248.716 43.717 0.099 2.86
3 252.666 44.280 0.099 2.89
3 256.627 44.771 0.101 2.93
3 260.596 45.287 0.102 2.96
3 264.526 45.769 0.103 2.99
3 268.516 46.131 0.104 3.02
3 272.489 46.691 0.106 3.05
3 276.452 47.234 0.106 3.08
3 280.392 47.713 0.106 3.12
3 319.962 52.963 0.113 3.43
3 323.962 53.446 0.114 3.46
3 327.913 53.858 0.115 3.50
4 0.000 7.029 0.017 1.19
4 3.978 7.279 0.015 1.16
4 7.973 7.542 0.014 1.13
4 11.940 7.816 0.012 1.10
4 15.926 8.170 0.010 1.06
4 19.891 8.431 0.008 1.03
4 27.852 9.119 0.007 1.03
4 31.943 9.536 0.009 1.06
4 35.829 10.038 0.011 1.09
4 39.832 10.493 0.014 1.13
4 43.816 10.915 0.016 1.16
4 47.673 11.529 0.019 1.19
4 51.610 12.246 0.021 1.22
4 55.568 12.840 0.024 1.25
4 59.591 13.512 0.026 1.28
4 63.437 14.197 0.029 1.32
4 67.352 14.925 0.030 1.35
4 71.295 15.490 0.032 1.38
4 75.263 16.100 0.033 1.41
4 79.163 16.828 0.035 1.44
4 83.080 17.524 0.036 1.47
4 87.027 18.156 0.038 1.50
4 90.957 18.902 0.040 1.54
4 94.888 19.657 0.041 1.57
4 98.800 20.481 0.043 1.60
4 102.714 21.299 0.044 1.63
4 106.621 22.064 0.045 1.66
4 110.461 22.921 0.047 1.69
4 114.453 23.722 0.049 1.72
4 118.381 24.475 0.050 1.76
4 122.311 25.172 0.052 1.79
4 126.252 25.794 0.053 1.82
4 130.207 26.370 0.055 1.85
4 134.167 26.921 0.056 1.88
4 138.127 27.420 0.058 1.91
4 142.057 27.963 0.059 1.94
4 146.031 28.600 0.061 1.98
4 149.992 29.190 0.062 2.01
4 153.949 29.720 0.064 2.04
4 157.873 30.282 0.065 2.07
4 161.835 30.814 0.067 2.10
4 165.817 31.295 0.068 2.13
4 169.793 31.792 0.070 2.17
4 173.759 32.416 0.071 2.20
4 177.684 33.087 0.073 2.23
4 181.630 33.634 0.075 2.26
4 185.663 34.180 0.077 2.29
4 189.558 34.757 0.080 2.32
4 193.531 35.245 0.081 2.36
4 197.482 35.664 0.082 2.39
4 201.424 36.301 0.083 2.42
4 205.362 36.964 0.084 2.45
4 209.276 37.762 0.085 2.48
4 213.202 38.513 0.086 2.51
4 217.114 39.237 0.087 2.55
4 221.069 39.887 0.088 2.58
4 225.022 40.296 0.089 2.61
4 229.006 40.725 0.090 2.64
4 232.920 41.201 0.091 2.67
4 236.904 41.783 0.092 2.70
4 240.846 42.461 0.093 2.73
4 244.758 43.184 0.094 2.77
4 248.716 43.717 0.095 2.80
4 252.666 44.280 0.096 2.83
4 256.627 44.771 0.097 2.86
4 260.596 45.287 0.098 2.89
4 264.526 45.769 0.100 2.92
4 268.516 46.131 0.101 2.96
4 272.489 46.691 0.102 2.99
4 276.452 47.234 0.102 3.02
4 280.392 47.713 0.104 3.05
4 284.375 48.141 0.105 3.08
4 288.339 48.570 0.106 3.11
4 292.333 49.132 0.107 3.15
4 296.210 49.683 0.108 3.18
4 300.190 50.324 0.109 3.21
4 304.134 50.907 0.110 3.24
4 308.104 51.447 0.111 3.27
4 312.018 51.972 0.112 3.30
4 316.015 52.415 0.113 3.34
4 319.962 52.963 0.115 3.37
4 323.962 53.446 0.116 3.40
4 327.913 53.858 0.117 3.43
4 331.921 54.253 0.119 3.46
4 335.859 54.646 0.120 3.50
4 339.831 55.036 0.121 3.53
4 343.784 55.368 0.123 3.56
4 347.780 55.717 0.123 3.59
4 351.726 56.068 0.123 3.62
4 355.726 56.497 0.123 3.65
4 359.729 56.910 0.123 3.69
4 363.635 57.348 0.123 3.72
5 0.000 7.029 0.023 1.26
5 3.978 7.279 0.021 1.22
5 7.973 7.542 0.019 1.19
5 11.940 7.816 0.017 1.16
5 15.926 8.170 0.014 1.13
5 19.891 8.431 0.012 1.10
5 23.974 8.691 0.010 1.06
5 27.852 9.119 0.007 1.03
5 47.673 11.529 0.016 1.13
5 51.610 12.246 0.018 1.16
5 55.568 12.840 0.019 1.19
5 59.591 13.512 0.021 1.22
5 63.437 14.197 0.023 1.25
5 67.352 14.925 0.025 1.28
5 71.295 15.490 0.026 1.31
5 75.263 16.100 0.028 1.35
5 79.163 16.828 0.029 1.38
5 83.080 17.524 0.030 1.41
5 87.027 18.156 0.032 1.44
5 90.957 18.902 0.033 1.47
5 94.888 19.657 0.035 1.50
5 98.800 20.481 0.036 1.53
5 102.714 21.299 0.037 1.57
5 106.621 22.064 0.039 1.60
5 110.461 22.921 0.040 1.63
5 114.453 23.722 0.042 1.66
5 118.381 24.475 0.043 1.69
5 122.311 25.172 0.044 1.72
5 126.252 25.794 0.046 1.75
5 130.207 26.370 0.047 1.79
5 134.167 26.921 0.049 1.82
5 138.127 27.420 0.050 1.85
5 142.057 27.963 0.051 1.88
5 146.031 28.600 0.053 1.91
5 149.992 29.190 0.054 1.94
5 153.949 29.720 0.056 1.98
5 157.873 30.282 0.058 2.01
5 161.835 30.814 0.059 2.04
5 165.817 31.295 0.061 2.07
5 169.793 31.792 0.062 2.10
5 173.759 32.416 0.064 2.13
5 177.684 33.087 0.067 2.17
5 181.630 33.634 0.069 2.20
5 185.663 34.180 0.071 2.23
5 189.558 34.757 0.074 2.26
5 193.531 35.245 0.076 2.29
5 197.482 35.664 0.079 2.32
5 201.424 36.301 0.081 2.36
5 205.362 36.964 0.082 2.39
5 209.276 37.762 0.083 2.42
5 213.202 38.513 0.084 2.45
5 217.114 39.237 0.085 2.48
5 221.069 39.887 0.086 2.51
5 225.022 40.296 0.087 2.54
5 229.006 40.725 0.088 2.58
5 232.920 41.201 0.089 2.61
5 236.904 41.783 0.090 2.64
5 240.846 42.461 0.091 2.67
5 244.758 43.184 0.093 2.70
5 248.716 43.717 0.094 2.73
5 252.666 44.280 0.095 2.77
5 256.627 44.771 0.096 2.80
5 260.596 45.287 0.097 2.83
5 264.526 45.769 0.099 2.86
5 268.516 46.131 0.100 2.89
5 272.489 46.691 0.102 2.92
5 276.452 47.234 0.103 2.96
5 280.392 47.713 0.104 2.99
5 284.375 48.141 0.106 3.02
5 288.339 48.570 0.107 3.05
5 292.333 49.132 0.108 3.08
5 296.210 49.683 0.110 3.11
5 300.190 50.324 0.111 3.15
5 304.134 50.907 0.111 3.18
5 308.104 51.447 0.112 3.21
5 312.018 51.972 0.113 3.24
5 316.015 52.415 0.114 3.27
5 319.962 52.963 0.115 3.30
5 323.962 53.446 0.115 3.34
5 327.913 53.858 0.116 3.37
5 331.921 54.253 0.117 3.40
5 335.859 54.646 0.118 3.43
5 339.831 55.036 0.119 3.46
5 343.784 55.368 0.119 3.49
5 347.780 55.717 0.120 3.53
5 351.726 56.068 0.121 3.56
5 355.726 56.497 0.122 3.59
5 359.729 56.910 0.123 3.62
5 363.635 57.348 0.123 3.65
5 367.604 57.826 0.124 3.69
5 371.556 58.311 0.125 3.72
5 375.566 58.794 0.126 3.75
5 379.527 59.266 0.127 3.78
5 383.508 59.769 0.127 3.81
6 0.000 7.029 0.027 1.32
6 3.978 7.279 0.025 1.29
6 7.973 7.542 0.023 1.25
6 11.940 7.816 0.021 1.22
6 15.926 8.170 0.019 1.19
6 19.891 8.431 0.017 1.16
6 23.974 8.691 0.015 1.13
6 27.852 9.119 0.012 1.10
6 51.610 12.246 0.018 1.09
6 55.568 12.840 0.020 1.13
6 59.591 13.512 0.021 1.16
6 63.437 14.197 0.023 1.19
6 67.352 14.925 0.025 1.22
6 71.295 15.490 0.026 1.25
6 75.263 16.100 0.028 1.28
6 79.163 16.828 0.030 1.31
6 83.080 17.524 0.031 1.35
6 87.027 18.156 0.033 1.38
6 90.957 18.902 0.034 1.41
6 94.888 19.657 0.035 1.44
6 98.800 20.481 0.037 1.47
6 102.714 21.299 0.038 1.50
6 106.621 22.064 0.040 1.53
6 110.461 22.921 0.041 1.57
6 114.453 23.722 0.043 1.60
6 118.381 24.475 0.044 1.63
6 122.311 25.172 0.046 1.66
6 126.252 25.794 0.047 1.69
6 130.207 26.370 0.049 1.72
6 134.167 26.921 0.050 1.75
6 138.127 27.420 0.051 1.79
6 142.057 27.963 0.053 1.82
6 146.031 28.600 0.054 1.85
6 149.992 29.190 0.056 1.88
6 153.949 29.720 0.057 1.91
6 157.873 30.282 0.059 1.94
6 161.835 30.814 0.060 1.98
6 165.817 31.295 0.063 2.01
6 169.793 31.792 0.066 2.04
6 173.759 32.416 0.069 2.07
6 177.684 33.087 0.072 2.10
6 181.630 33.634 0.075 2.13
6 185.663 34.180 0.076 2.17
6 189.558 34.757 0.078 2.20
6 193.531 35.245 0.079 2.23
6 197.482 35.664 0.080 2.26
6 201.424 36.301 0.082 2.29
6 205.362 36.964 0.083 2.32
6 209.276 37.762 0.084 2.36
6 213.202 38.513 0.085 2.39
6 217.114 39.237 0.086 2.42
6 221.069 39.887 0.088 2.45
6 225.022 40.296 0.089 2.48
6 229.006 40.725 0.090 2.51
6 232.920 41.201 0.091 2.54
6 236.904 41.783 0.093 2.58
6 240.846 42.461 0.094 2.61
6 244.758 43.184 0.095 2.64
6 248.716 43.717 0.096 2.67
6 252.666 44.280 0.098 2.70
6 256.627 44.771 0.099 2.73
6 260.596 45.287 0.100 2.77
6 264.526 45.769 0.101 2.80
6 268.516 46.131 0.102 2.83
6 272.489 46.691 0.102 2.86
6 276.452 47.234 0.103 2.89
6 280.392 47.713 0.103 2.92
6 284.375 48.141 0.104 2.96
6 288.339 48.570 0.105 2.99
6 292.333 49.132 0.105 3.02
6 296.210 49.683 0.106 3.05
6 300.190 50.324 0.106 3.08
6 304.134 50.907 0.107 3.11
6 308.104 51.447 0.108 3.15
6 312.018 51.972 0.110 3.18
6 316.015 52.415 0.111 3.21
6 319.962 52.963 0.112 3.24
6 323.962 53.446 0.114 3.27
6 327.913 53.858 0.115 3.30
6 331.921 54.253 0.117 3.34
6 335.859 54.646 0.118 3.37
6 339.831 55.036 0.119 3.40
6 343.784 55.368 0.119 3.43
6 347.780 55.717 0.120 3.46
6 351.726 56.068 0.120 3.50
6 355.726 56.497 0.120 3.53
6 359.729 56.910 0.121 3.56
6 363.635 57.348 0.121 3.59
6 367.604 57.826 0.121 3.62
7 0.000 7.029 0.030 1.38
7 3.978 7.279 0.028 1.35
7 7.973 7.542 0.026 1.32
7 11.940 7.816 0.024 1.29
7 15.926 8.170 0.023 1.25
7 19.891 8.431 0.021 1.22
7 23.974 8.691 0.019 1.19
7 27.852 9.119 0.017 1.16
7 31.943 9.536 0.015 1.13
7 35.829 10.038 0.013 1.09
7 59.591 13.512 0.012 1.10
7 63.437 14.197 0.013 1.13
7 67.352 14.925 0.015 1.16
7 71.295 15.490 0.017 1.19
7 75.263 16.100 0.018 1.22
7 79.163 16.828 0.020 1.25
7 83.080 17.524 0.022 1.28
7 87.027 18.156 0.024 1.31
7 90.957 18.902 0.025 1.35
7 94.888 19.657 0.027 1.38
7 98.800 20.481 0.029 1.41
7 102.714 21.299 0.031 1.44
7 106.621 22.064 0.033 1.47
7 110.461 22.921 0.035 1.50
7 114.453 23.722 0.036 1.53
7 118.381 24.475 0.038 1.57
7 122.311 25.172 0.040 1.60
7 126.252 25.794 0.042 1.63
7 130.207 26.370 0.044 1.66
7 134.167 26.921 0.046 1.69
7 138.127 27.420 0.048 1.72
7 142.057 27.963 0.050 1.76
7 146.031 28.600 0.051 1.79
7 149.992 29.190 0.053 1.82
7 153.949 29.720 0.054 1.85
7 157.873 30.282 0.056 1.88
7 161.835 30.814 0.057 1.91
7 165.817 31.295 0.059 1.95
7 169.793 31.792 0.060 1.98
7 173.759 32.416 0.063 2.01
7 177.684 33.087 0.065 2.04
7 181.630 33.634 0.067 2.07
7 185.663 34.180 0.070 2.10
7 189.558 34.757 0.072 2.14
7 193.531 35.245 0.073 2.17
7 197.482 35.664 0.074 2.20
7 201.424 36.301 0.076 2.23
7 205.362 36.964 0.077 2.26
7 209.276 37.762 0.078 2.29
7 213.202 38.513 0.079 2.32
7 217.114 39.237 0.080 2.36
7 221.069 39.887 0.082 2.39
7 225.022 40.296 0.083 2.42
7 229.006 40.725 0.084 2.45
7 232.920 41.201 0.085 2.48
7 236.904 41.783 0.087 2.51
7 240.846 42.461 0.088 2.55
7 244.758 43.184 0.089 2.58
7 248.716 43.717 0.090 2.61
7 252.666 44.280 0.092 2.64
7 256.627 44.771 0.093 2.67
7 260.596 45.287 0.094 2.70
7 264.526 45.769 0.096 2.73
7 268.516 46.131 0.097 2.77
8 0.000 7.029 0.034 1.44
8 3.978 7.279 0.032 1.41
8 7.973 7.542 0.030 1.38
8 11.940 7.816 0.028 1.35
8 15.926 8.170 0.026 1.32
8 19.891 8.431 0.024 1.29
8 23.974 8.691 0.022 1.25
8 27.852 9.119 0.020 1.22
8 31.943 9.536 0.019 1.19
8 35.829 10.038 0.017 1.16
8 71.295 15.490 0.013 1.13
8 75.263 16.100 0.016 1.16
8 79.163 16.828 0.018 1.19
8 83.080 17.524 0.020 1.22
8 87.027 18.156 0.022 1.25
8 90.957 18.902 0.024 1.28
8 94.888 19.657 0.026 1.31
8 98.800 20.481 0.028 1.35
8 102.714 21.299 0.030 1.38
8 106.621 22.064 0.032 1.41
8 110.461 22.921 0.034 1.44
8 114.453 23.722 0.036 1.47
8 118.381 24.475 0.039 1.50
8 122.311 25.172 0.041 1.53
8 126.252 25.794 0.043 1.57
8 130.207 26.370 0.045 1.60
8 134.167 26.921 0.047 1.63
8 138.127 27.420 0.049 1.66
8 142.057 27.963 0.050 1.69
8 146.031 28.600 0.051 1.72
8 149.992 29.190 0.051 1.76
8 153.949 29.720 0.052 1.79
8 157.873 30.282 0.053 1.82
8 161.835 30.814 0.054 1.85
8 165.817 31.295 0.057 1.88
8 169.793 31.792 0.059 1.91
8 173.759 32.416 0.062 1.95
8 177.684 33.087 0.065 1.98
8 181.630 33.634 0.068 2.01
8 185.663 34.180 0.071 2.04
8 189.558 34.757 0.073 2.07
8 193.531 35.245 0.074 2.10
8 197.482 35.664 0.075 2.14
8 201.424 36.301 0.077 2.17
8 205.362 36.964 0.078 2.20
8 209.276 37.762 0.079 2.23
8 213.202 38.513 0.080 2.26
8 217.114 39.237 0.081 2.29
8 221.069 39.887 0.083 2.32
8 225.022 40.296 0.084 2.36
8 229.006 40.725 0.085 2.39
8 232.920 41.201 0.086 2.42
8 236.904 41.783 0.087 2.45
8 240.846 42.461 0.089 2.48
8 244.758 43.184 0.090 2.51
8 248.716 43.717 0.091 2.55
8 252.666 44.280 0.092 2.58
8 256.627 44.771 0.094 2.61
8 260.596 45.287 0.095 2.64
8 347.780 55.717 0.116 3.34
8 351.726 56.068 0.117 3.37
8 355.726 56.497 0.118 3.40
8 359.729 56.910 0.119 3.43
8 363.635 57.348 0.120 3.46
8 367.604 57.826 0.121 3.50
8 371.556 58.311 0.122 3.53
8 375.566 58.794 0.123 3.56
9 0.000 7.029 0.038 1.51
9 3.978 7.279 0.037 1.48
9 7.973 7.542 0.035 1.44
9 11.940 7.816 0.034 1.41
9 15.926 8.170 0.033 1.38
9 19.891 8.431 0.031 1.35
9 23.974 8.691 0.030 1.32
9 27.852 9.119 0.028 1.28
9 31.943 9.536 0.026 1.25
9 35.829 10.038 0.025 1.22
9 39.832 10.493 0.023 1.19
9 43.816 10.915 0.021 1.16
9 47.673 11.529 0.018 1.13
9 51.610 12.246 0.015 1.09
9 55.568 12.840 0.011 1.06
9 59.591 13.512 0.008 1.03
9 71.295 15.490 0.011 1.06
9 75.263 16.100 0.016 1.09
9 79.163 16.828 0.021 1.13
9 83.080 17.524 0.026 1.16
9 87.027 18.156 0.028 1.19
9 90.957 18.902 0.029 1.22
9 94.888 19.657 0.031 1.25
9 98.800 20.481 0.032 1.28
9 102.714 21.299 0.033 1.31
9 106.621 22.064 0.034 1.35
9 110.461 22.921 0.035 1.38
9 114.453 23.722 0.036 1.41
9 118.381 24.475 0.038 1.44
9 122.311 25.172 0.040 1.47
9 126.252 25.794 0.041 1.50
9 130.207 26.370 0.043 1.53
9 134.167 26.921 0.045 1.57
9 138.127 27.420 0.047 1.60
9 142.057 27.963 0.049 1.63
9 146.031 28.600 0.050 1.66
9 149.992 29.190 0.052 1.69
9 153.949 29.720 0.054 1.72
9 157.873 30.282 0.056 1.76
9 161.835 30.814 0.057 1.79
9 165.817 31.295 0.059 1.82
9 169.793 31.792 0.061 1.85
9 173.759 32.416 0.062 1.88
9 177.684 33.087 0.064 1.91
9 181.630 33.634 0.066 1.95
9 185.663 34.180 0.068 1.98
9 189.558 34.757 0.069 2.01
9 193.531 35.245 0.071 2.04
9 197.482 35.664 0.073 2.07
9 201.424 36.301 0.076 2.10
9 205.362 36.964 0.079 2.14
9 209.276 37.762 0.082 2.17
9 213.202 38.513 0.084 2.20
9 217.114 39.237 0.085 2.23
9 221.069 39.887 0.085 2.26
9 225.022 40.296 0.086 2.29
9 229.006 40.725 0.087 2.32
9 232.920 41.201 0.087 2.36
9 236.904 41.783 0.088 2.39
9 240.846 42.461 0.089 2.42
9 244.758 43.184 0.089 2.45
9 248.716 43.717 0.091 2.48
9 252.666 44.280 0.092 2.51
9 256.627 44.771 0.094 2.55
9 260.596 45.287 0.095 2.58
9 264.526 45.769 0.096 2.61
9 268.516 46.131 0.098 2.64
9 272.489 46.691 0.099 2.67
9 276.452 47.234 0.100 2.70
9 280.392 47.713 0.101 2.74
9 284.375 48.141 0.102 2.77
9 288.339 48.570 0.102 2.80
9 292.333 49.132 0.103 2.83
9 296.210 49.683 0.103 2.86
9 300.190 50.324 0.104 2.89
9 304.134 50.907 0.105 2.93
9 308.104 51.447 0.105 2.96
9 312.018 51.972 0.106 2.99
9 316.015 52.415 0.107 3.02
9 319.962 52.963 0.107 3.05
9 323.962 53.446 0.108 3.08
9 327.913 53.858 0.109 3.12
9 331.921 54.253 0.110 3.15
9 335.859 54.646 0.111 3.18
9 339.831 55.036 0.112 3.21
9 343.784 55.368 0.113 3.24
9 347.780 55.717 0.114 3.27
9 351.726 56.068 0.115 3.31
9 355.726 56.497 0.116 3.34
9 359.729 56.910 0.117 3.37
9 363.635 57.348 0.118 3.40
9 367.604 57.826 0.119 3.43
9 371.556 58.311 0.120 3.46
9 375.566 58.794 0.121 3.50
10 0.000 7.029 0.040 1.57
10 3.978 7.279 0.038 1.54
10 7.973 7.542 0.037 1.51
10 11.940 7.816 0.035 1.47
10 15.926 8.170 0.034 1.44
10 19.891 8.431 0.032 1.41
10 23.974 8.691 0.030 1.38
10 27.852 9.119 0.029 1.35
10 31.943 9.536 0.027 1.31
10 35.829 10.038 0.026 1.28
10 39.832 10.493 0.024 1.25
10 43.816 10.915 0.022 1.22
10 47.673 11.529 0.020 1.19
10 51.610 12.246 0.018 1.16
10 55.568 12.840 0.016 1.13
10 59.591 13.512 0.012 1.09
10 63.437 14.197 0.011 1.06
10 83.080 17.524 0.018 1.09
10 87.027 18.156 0.022 1.13
10 90.957 18.902 0.026 1.16
10 94.888 19.657 0.029 1.19
10 98.800 20.481 0.030 1.22
10 102.714 21.299 0.032 1.25
10 106.621 22.064 0.033 1.28
10 110.461 22.921 0.034 1.31
10 114.453 23.722 0.035 1.35
10 118.381 24.475 0.037 1.38
10 122.311 25.172 0.038 1.41
10 126.252 25.794 0.040 1.44
10 130.207 26.370 0.041 1.47
10 134.167 26.921 0.042 1.50
10 138.127 27.420 0.043 1.53
10 142.057 27.963 0.053 1.57
10 146.031 28.600 0.054 1.60
10 149.992 29.190 0.054 1.63
10 153.949 29.720 0.055 1.66
10 157.873 30.282 0.056 1.69
10 161.835 30.814 0.056 1.72
10 165.817 31.295 0.057 1.76
10 169.793 31.792 0.059 1.79
10 173.759 32.416 0.061 1.82
10 177.684 33.087 0.063 1.85
10 181.630 33.634 0.065 1.88
10 185.663 34.180 0.067 1.91
10 189.558 34.757 0.069 1.95
10 193.531 35.245 0.071 1.98
10 197.482 35.664 0.073 2.01
10 201.424 36.301 0.074 2.04
10 205.362 36.964 0.076 2.07
10 209.276 37.762 0.078 2.10
10 213.202 38.513 0.080 2.14
10 217.114 39.237 0.081 2.17
10 221.069 39.887 0.083 2.20
10 225.022 40.296 0.084 2.23
10 229.006 40.725 0.085 2.26
10 232.920 41.201 0.086 2.29
10 236.904 41.783 0.087 2.32
10 240.846 42.461 0.088 2.36
10 244.758 43.184 0.089 2.39
10 248.716 43.717 0.090 2.42
10 252.666 44.280 0.091 2.45
10 256.627 44.771 0.093 2.48
10 260.596 45.287 0.094 2.51
10 264.526 45.769 0.095 2.55
10 268.516 46.131 0.096 2.58
10 272.489 46.691 0.097 2.61
10 276.452 47.234 0.098 2.64
10 280.392 47.713 0.099 2.67
10 284.375 48.141 0.100 2.70
10 288.339 48.570 0.101 2.74
10 292.333 49.132 0.102 2.77
10 296.210 49.683 0.103 2.80
10 300.190 50.324 0.104 2.83
10 304.134 50.907 0.105 2.86
10 308.104 51.447 0.106 2.89
10 312.018 51.972 0.107 2.93
10 316.015 52.415 0.108 2.96
10 319.962 52.963 0.109 2.99
10 323.962 53.446 0.110 3.02
10 327.913 53.858 0.111 3.05
10 331.921 54.253 0.112 3.09
10 335.859 54.646 0.113 3.12
10 339.831 55.036 0.114 3.15
10 343.784 55.368 0.115 3.18
10 347.780 55.717 0.116 3.21
10 351.726 56.068 0.117 3.24
10 355.726 56.497 0.118 3.28
10 359.729 56.910 0.119 3.31
10 363.635 57.348 0.120 3.34
10 367.604 57.826 0.121 3.37
10 371.556 58.311 0.122 3.40
10 375.566 58.794 0.124 3.43
11 0.000 7.029 0.042 1.63
11 3.978 7.279 0.040 1.60
11 7.973 7.542 0.039 1.57
11 11.940 7.816 0.037 1.54
11 15.926 8.170 0.035 1.51
11 19.891 8.431 0.034 1.47
11 23.974 8.691 0.032 1.44
11 27.852 9.119 0.031 1.41
11 31.943 9.536 0.029 1.38
11 35.829 10.038 0.028 1.35
11 39.832 10.493 0.026 1.31
11 43.816 10.915 0.025 1.28
11 47.673 11.529 0.023 1.25
11 51.610 12.246 0.021 1.22
11 55.568 12.840 0.020 1.19
11 59.591 13.512 0.018 1.16
11 63.437 14.197 0.017 1.13
11 67.352 14.925 0.016 1.09
11 83.080 17.524 0.011 1.03
11 87.027 18.156 0.014 1.06
11 90.957 18.902 0.017 1.09
11 94.888 19.657 0.019 1.13
11 98.800 20.481 0.022 1.16
11 102.714 21.299 0.025 1.19
11 106.621 22.064 0.026 1.22
11 110.461 22.921 0.028 1.25
11 114.453 23.722 0.030 1.28
11 118.381 24.475 0.032 1.31
11 122.311 25.172 0.034 1.35
11 126.252 25.794 0.036 1.38
11 130.207 26.370 0.037 1.41
11 134.167 26.921 0.039 1.44
11 138.127 27.420 0.041 1.47
11 142.057 27.963 0.042 1.50
11 146.031 28.600 0.043 1.53
11 149.992 29.190 0.045 1.57
11 153.949 29.720 0.046 1.60
11 157.873 30.282 0.048 1.63
11 161.835 30.814 0.049 1.66
11 165.817 31.295 0.051 1.69
11 169.793 31.792 0.052 1.73
11 173.759 32.416 0.055 1.76
11 177.684 33.087 0.060 1.79
11 181.630 33.634 0.065 1.82
11 185.663 34.180 0.068 1.85
11 189.558 34.757 0.069 1.88
11 193.531 35.245 0.070 1.91
11 197.482 35.664 0.072 1.95
11 201.424 36.301 0.073 1.98
11 205.362 36.964 0.074 2.01
11 209.276 37.762 0.076 2.04
11 213.202 38.513 0.077 2.07
11 217.114 39.237 0.079 2.10
11 221.069 39.887 0.080 2.14
11 225.022 40.296 0.081 2.17
11 229.006 40.725 0.082 2.20
11 232.920 41.201 0.083 2.23
11 236.904 41.783 0.084 2.26
11 240.846 42.461 0.085 2.29
11 244.758 43.184 0.086 2.32
11 248.716 43.717 0.087 2.36
11 252.666 44.280 0.088 2.39
11 256.627 44.771 0.089 2.42
11 260.596 45.287 0.090 2.45
11 264.526 45.769 0.091 2.48
11 268.516 46.131 0.092 2.51
11 272.489 46.691 0.093 2.55
11 276.452 47.234 0.093 2.58
11 280.392 47.713 0.095 2.61
11 284.375 48.141 0.095 2.64
11 347.780 55.717 0.111 3.15
11 351.726 56.068 0.112 3.18
11 355.726 56.497 0.113 3.21
11 359.729 56.910 0.114 3.24
11 363.635 57.348 0.115 3.28
11 367.604 57.826 0.116 3.31
11 371.556 58.311 0.116 3.34
11 375.566 58.794 0.117 3.37
12 0.000 7.029 0.048 1.70
12 3.978 7.279 0.046 1.66
12 7.973 7.542 0.045 1.63
12 11.940 7.816 0.044 1.60
12 15.926 8.170 0.042 1.57
12 19.891 8.431 0.041 1.54
12 23.974 8.691 0.039 1.50
12 27.852 9.119 0.038 1.47
12 31.943 9.536 0.036 1.44
12 35.829 10.038 0.035 1.41
12 39.832 10.493 0.034 1.38
12 43.816 10.915 0.032 1.35
12 47.673 11.529 0.031 1.31
12 51.610 12.246 0.029 1.28
12 55.568 12.840 0.028 1.25
12 59.591 13.512 0.026 1.22
12 63.437 14.197 0.025 1.19
12 67.352 14.925 0.022 1.16
12 71.295 15.490 0.019 1.13
12 75.263 16.100 0.017 1.09
12 79.163 16.828 0.014 1.06
12 94.888 19.657 0.014 1.06
12 98.800 20.481 0.017 1.09
12 102.714 21.299 0.021 1.13
12 106.621 22.064 0.024 1.16
12 110.461 22.921 0.026 1.19
12 114.453 23.722 0.028 1.22
12 118.381 24.475 0.030 1.25
12 122.311 25.172 0.032 1.28
12 126.252 25.794 0.034 1.31
12 130.207 26.370 0.036 1.35
12 134.167 26.921 0.038 1.38
12 138.127 27.420 0.040 1.41
12 142.057 27.963 0.042 1.44
12 146.031 28.600 0.044 1.47
12 149.992 29.190 0.046 1.50
12 153.949 29.720 0.048 1.54
12 157.873 30.282 0.050 1.57
12 161.835 30.814 0.052 1.60
12 165.817 31.295 0.054 1.63
12 169.793 31.792 0.056 1.66
12 173.759 32.416 0.058 1.69
12 177.684 33.087 0.060 1.73
12 181.630 33.634 0.062 1.76
12 185.663 34.180 0.064 1.79
12 189.558 34.757 0.065 1.82
12 193.531 35.245 0.067 1.85
12 197.482 35.664 0.069 1.88
12 201.424 36.301 0.071 1.92
12 205.362 36.964 0.072 1.95
12 209.276 37.762 0.074 1.98
12 213.202 38.513 0.075 2.01
12 217.114 39.237 0.077 2.04
12 221.069 39.887 0.079 2.07
12 225.022 40.296 0.080 2.10
12 229.006 40.725 0.081 2.14
12 232.920 41.201 0.082 2.17
12 236.904 41.783 0.083 2.20
12 240.846 42.461 0.084 2.23
12 244.758 43.184 0.085 2.26
12 248.716 43.717 0.086 2.29
12 252.666 44.280 0.087 2.33
12 256.627 44.771 0.088 2.36
12 260.596 45.287 0.090 2.39
12 264.526 45.769 0.091 2.42
12 268.516 46.131 0.092 2.45
12 272.489 46.691 0.093 2.48
12 276.452 47.234 0.094 2.52
12 280.392 47.713 0.095 2.55
12 284.375 48.141 0.096 2.58
12 288.339 48.570 0.097 2.61
12 292.333 49.132 0.098 2.64
12 296.210 49.683 0.099 2.67
12 300.190 50.324 0.100 2.71
12 304.134 50.907 0.101 2.74
12 308.104 51.447 0.102 2.77
12 312.018 51.972 0.103 2.80
12 316.015 52.415 0.104 2.83
12 319.962 52.963 0.105 2.86
12 323.962 53.446 0.106 2.90
12 327.913 53.858 0.107 2.93
12 331.921 54.253 0.108 2.96
12 335.859 54.646 0.109 2.99
12 339.831 55.036 0.110 3.02
12 343.784 55.368 0.111 3.05
12 347.780 55.717 0.112 3.09
12 351.726 56.068 0.113 3.12
12 355.726 56.497 0.114 3.15
12 359.729 56.910 0.115 3.18
12 363.635 57.348 0.116 3.21
12 367.604 57.826 0.117 3.24
12 371.556 58.311 0.118 3.28
12 375.566 58.794 0.119 3.31
13 0.000 7.029 0.050 1.76
13 3.978 7.279 0.048 1.73
13 7.973 7.542 0.047 1.70
13 11.940 7.816 0.046 1.66
13 15.926 8.170 0.044 1.63
13 19.891 8.431 0.043 1.60
13 23.974 8.691 0.042 1.57
13 27.852 9.119 0.040 1.54
13 31.943 9.536 0.039 1.50
13 35.829 10.038 0.038 1.47
13 39.832 10.493 0.036 1.44
13 43.816 10.915 0.035 1.41
13 47.673 11.529 0.034 1.38
13 51.610 12.246 0.032 1.35
13 55.568 12.840 0.031 1.31
13 59.591 13.512 0.029 1.28
13 63.437 14.197 0.028 1.25
13 67.352 14.925 0.026 1.22
13 71.295 15.490 0.023 1.19
13 75.263 16.100 0.021 1.16
13 79.163 16.828 0.018 1.13
13 83.080 17.524 0.016 1.09
13 87.027 18.156 0.014 1.06
13 102.714 21.299 0.013 1.06
13 106.621 22.064 0.016 1.09
13 110.461 22.921 0.019 1.12
13 114.453 23.722 0.023 1.16
13 118.381 24.475 0.026 1.19
13 122.311 25.172 0.028 1.22
13 126.252 25.794 0.030 1.25
13 130.207 26.370 0.032 1.28
13 134.167 26.921 0.034 1.31
13 138.127 27.420 0.036 1.35
13 142.057 27.963 0.038 1.38
13 146.031 28.600 0.040 1.41
13 149.992 29.190 0.042 1.44
13 153.949 29.720 0.044 1.47
13 157.873 30.282 0.047 1.50
13 161.835 30.814 0.049 1.54
13 165.817 31.295 0.051 1.57
13 169.793 31.792 0.053 1.60
13 173.759 32.416 0.055 1.63
13 177.684 33.087 0.057 1.66
13 181.630 33.634 0.059 1.69
13 185.663 34.180 0.061 1.73
13 189.558 34.757 0.063 1.76
13 193.531 35.245 0.065 1.79
13 197.482 35.664 0.067 1.82
13 201.424 36.301 0.069 1.85
13 205.362 36.964 0.070 1.88
13 209.276 37.762 0.071 1.92
13 213.202 38.513 0.072 1.95
13 217.114 39.237 0.073 1.98
13 221.069 39.887 0.074 2.01
13 225.022 40.296 0.075 2.04
13 229.006 40.725 0.077 2.07
13 232.920 41.201 0.078 2.10
13 236.904 41.783 0.079 2.14
13 240.846 42.461 0.080 2.17
13 244.758 43.184 0.081 2.20
13 248.716 43.717 0.082 2.23
13 252.666 44.280 0.084 2.26
13 256.627 44.771 0.085 2.29
13 260.596 45.287 0.086 2.33
13 264.526 45.769 0.087 2.36
13 268.516 46.131 0.088 2.39
13 272.489 46.691 0.089 2.42
13 276.452 47.234 0.090 2.45
13 280.392 47.713 0.091 2.48
13 284.375 48.141 0.092 2.52
13 288.339 48.570 0.093 2.55
13 292.333 49.132 0.094 2.58
13 296.210 49.683 0.095 2.61
13 300.190 50.324 0.096 2.64
13 304.134 50.907 0.097 2.67
13 308.104 51.447 0.098 2.71
13 312.018 51.972 0.099 2.74
13 316.015 52.415 0.100 2.77
13 319.962 52.963 0.101 2.80
13 323.962 53.446 0.102 2.83
13 327.913 53.858 0.103 2.86
13 331.921 54.253 0.104 2.90
13 335.859 54.646 0.105 2.93
13 339.831 55.036 0.105 2.96
13 343.784 55.368 0.106 2.99
13 347.780 55.717 0.107 3.02
13 351.726 56.068 0.108 3.05
13 355.726 56.497 0.109 3.09
13 359.729 56.910 0.110 3.12
13 363.635 57.348 0.111 3.15
13 367.604 57.826 0.112 3.18
13 371.556 58.311 0.113 3.21
14 0.000 7.029 0.051 1.82
14 3.978 7.279 0.050 1.79
14 7.973 7.542 0.048 1.76
14 11.940 7.816 0.047 1.73
14 15.926 8.170 0.046 1.69
14 19.891 8.431 0.045 1.66
14 23.974 8.691 0.044 1.63
14 27.852 9.119 0.042 1.60
14 31.943 9.536 0.041 1.57
14 35.829 10.038 0.040 1.54
14 39.832 10.493 0.039 1.50
14 43.816 10.915 0.037 1.47
14 47.673 11.529 0.036 1.44
14 51.610 12.246 0.035 1.41
14 55.568 12.840 0.034 1.38
14 59.591 13.512 0.033 1.34
14 63.437 14.197 0.031 1.31
14 67.352 14.925 0.030 1.28
14 71.295 15.490 0.029 1.25
14 75.263 16.100 0.028 1.22
14 79.163 16.828 0.027 1.19
14 83.080 17.524 0.025 1.16
14 87.027 18.156 0.024 1.13
14 90.957 18.902 0.021 1.09
14 94.888 19.657 0.015 1.06
14 106.621 22.064 0.009 1.03
14 110.461 22.921 0.013 1.06
14 114.453 23.722 0.016 1.09
14 118.381 24.475 0.019 1.13
14 122.311 25.172 0.022 1.16
14 126.252 25.794 0.025 1.19
14 130.207 26.370 0.029 1.22
14 134.167 26.921 0.032 1.25
14 138.127 27.420 0.034 1.28
14 142.057 27.963 0.036 1.31
14 146.031 28.600 0.038 1.35
14 149.992 29.190 0.039 1.38
14 153.949 29.720 0.041 1.41
14 157.873 30.282 0.043 1.44
14 161.835 30.814 0.044 1.47
14 165.817 31.295 0.046 1.50
14 169.793 31.792 0.048 1.54
14 173.759 32.416 0.050 1.57
14 177.684 33.087 0.051 1.60
14 181.630 33.634 0.053 1.63
14 185.663 34.180 0.055 1.66
14 189.558 34.757 0.056 1.69
14 193.531 35.245 0.058 1.73
14 197.482 35.664 0.059 1.76
14 201.424 36.301 0.061 1.79
14 205.362 36.964 0.062 1.82
14 209.276 37.762 0.064 1.85
14 213.202 38.513 0.065 1.88
14 217.114 39.237 0.066 1.92
14 221.069 39.887 0.068 1.95
14 225.022 40.296 0.069 1.98
14 229.006 40.725 0.071 2.01
14 232.920 41.201 0.072 2.04
14 236.904 41.783 0.074 2.07
14 240.846 42.461 0.075 2.11
14 244.758 43.184 0.076 2.14
14 248.716 43.717 0.078 2.17
14 252.666 44.280 0.079 2.20
14 256.627 44.771 0.080 2.23
14 260.596 45.287 0.081 2.26
14 264.526 45.769 0.082 2.29
14 268.516 46.131 0.083 2.33
14 272.489 46.691 0.084 2.36
14 276.452 47.234 0.085 2.39
14 280.392 47.713 0.086 2.42
14 284.375 48.141 0.087 2.45
14 288.339 48.570 0.088 2.49
14 292.333 49.132 0.089 2.52
14 296.210 49.683 0.090 2.55
14 300.190 50.324 0.091 2.58
14 304.134 50.907 0.092 2.61
14 308.104 51.447 0.093 2.64
14 312.018 51.972 0.094 2.67
14 316.015 52.415 0.095 2.71
14 319.962 52.963 0.096 2.74
14 323.962 53.446 0.097 2.77
14 327.913 53.858 0.098 2.80
14 331.921 54.253 0.099 2.83
14 335.859 54.646 0.100 2.87
14 339.831 55.036 0.101 2.90
14 343.784 55.368 0.102 2.93
14 347.780 55.717 0.103 2.96
14 351.726 56.068 0.104 2.99
14 355.726 56.497 0.105 3.02
14 359.729 56.910 0.106 3.06
14 363.635 57.348 0.108 3.09
14 367.604 57.826 0.109 3.12
14 371.556 58.311 0.110 3.15
14 375.566 58.794 0.111 3.18
15 0.000 7.029 0.051 1.88
15 3.978 7.279 0.050 1.85
15 7.973 7.542 0.049 1.82
15 11.940 7.816 0.048 1.79
15 15.926 8.170 0.047 1.76
15 19.891 8.431 0.046 1.72
15 23.974 8.691 0.045 1.69
15 27.852 9.119 0.044 1.66
15 31.943 9.536 0.043 1.63
15 35.829 10.038 0.042 1.60
15 39.832 10.493 0.041 1.57
15 43.816 10.915 0.040 1.53
15 47.673 11.529 0.039 1.50
15 51.610 12.246 0.038 1.47
15 55.568 12.840 0.037 1.44
15 59.591 13.512 0.036 1.41
15 63.437 14.197 0.035 1.38
15 67.352 14.925 0.034 1.34
15 71.295 15.490 0.033 1.31
15 75.263 16.100 0.031 1.28
15 79.163 16.828 0.028 1.25
15 83.080 17.524 0.026 1.22
15 87.027 18.156 0.024 1.19
15 90.957 18.902 0.021 1.16
15 94.888 19.657 0.019 1.12
15 98.800 20.481 0.017 1.09
15 102.714 21.299 0.015 1.06
15 106.621 22.064 0.009 1.03
15 118.381 24.475 0.014 1.06
15 122.311 25.172 0.017 1.09
15 126.252 25.794 0.021 1.13
15 130.207 26.370 0.024 1.16
15 134.167 26.921 0.028 1.19
15 138.127 27.420 0.032 1.22
15 142.057 27.963 0.035 1.25
15 146.031 28.600 0.038 1.28
15 149.992 29.190 0.040 1.32
15 153.949 29.720 0.042 1.35
15 157.873 30.282 0.043 1.38
15 161.835 30.814 0.044 1.41
15 165.817 31.295 0.046 1.44
15 169.793 31.792 0.048 1.47
15 173.759 32.416 0.049 1.51
15 177.684 33.087 0.051 1.54
15 181.630 33.634 0.052 1.57
15 185.663 34.180 0.053 1.60
15 189.558 34.757 0.055 1.63
15 193.531 35.245 0.056 1.66
15 197.482 35.664 0.058 1.70
15 201.424 36.301 0.059 1.73
15 205.362 36.964 0.060 1.76
15 209.276 37.762 0.062 1.79
15 213.202 38.513 0.063 1.82
15 217.114 39.237 0.065 1.85
15 221.069 39.887 0.066 1.88
15 225.022 40.296 0.067 1.92
15 229.006 40.725 0.069 1.95
15 232.920 41.201 0.070 1.98
15 236.904 41.783 0.071 2.01
15 240.846 42.461 0.073 2.04
15 244.758 43.184 0.074 2.07
15 248.716 43.717 0.075 2.11
15 252.666 44.280 0.077 2.14
15 256.627 44.771 0.078 2.17
15 260.596 45.287 0.079 2.20
15 264.526 45.769 0.080 2.23
15 268.516 46.131 0.081 2.26
15 272.489 46.691 0.082 2.30
15 276.452 47.234 0.083 2.33
15 280.392 47.713 0.084 2.36
15 284.375 48.141 0.085 2.39
15 288.339 48.570 0.086 2.42
15 292.333 49.132 0.087 2.45
15 296.210 49.683 0.088 2.49
15 300.190 50.324 0.089 2.52
15 304.134 50.907 0.091 2.55
15 308.104 51.447 0.092 2.58
15 312.018 51.972 0.093 2.61
15 316.015 52.415 0.094 2.64
15 319.962 52.963 0.095 2.68
15 323.962 53.446 0.096 2.71
15 327.913 53.858 0.097 2.74
15 331.921 54.253 0.098 2.77
15 335.859 54.646 0.099 2.80
15 339.831 55.036 0.100 2.83
15 343.784 55.368 0.101 2.87
15 347.780 55.717 0.102 2.90
15 351.726 56.068 0.103 2.93
15 355.726 56.497 0.104 2.96
15 359.729 56.910 0.105 2.99
15 363.635 57.348 0.106 3.03
15 367.604 57.826 0.107 3.06
15 371.556 58.311 0.108 3.09
15 375.566 58.794 0.109 3.12
15 379.527 59.266 0.110 3.15
16 0.000 7.029 0.057 1.95
16 3.978 7.279 0.056 1.92
16 7.973 7.542 0.055 1.88
16 11.940 7.816 0.054 1.85
16 15.926 8.170 0.053 1.82
16 19.891 8.431 0.051 1.79
16 23.974 8.691 0.050 1.76
16 27.852 9.119 0.049 1.72
16 31.943 9.536 0.048 1.69
16 35.829 10.038 0.047 1.66
16 39.832 10.493 0.046 1.63
16 43.816 10.915 0.044 1.60
16 47.673 11.529 0.043 1.57
16 51.610 12.246 0.042 1.53
16 55.568 12.840 0.041 1.50
16 59.591 13.512 0.040 1.47
16 63.437 14.197 0.039 1.44
16 67.352 14.925 0.037 1.41
16 71.295 15.490 0.035 1.38
16 75.263 16.100 0.033 1.34
16 79.163 16.828 0.031 1.31
16 83.080 17.524 0.029 1.28
16 87.027 18.156 0.027 1.25
16 90.957 18.902 0.025 1.22
16 94.888 19.657 0.023 1.19
16 98.800 20.481 0.021 1.16
16 102.714 21.299 0.019 1.13
16 106.621 22.064 0.017 1.09
16 110.461 22.921 0.015 1.06
16 126.252 25.794 0.015 1.06
16 130.207 26.370 0.019 1.09
16 134.167 26.921 0.023 1.13
16 138.127 27.420 0.027 1.16
16 142.057 27.963 0.031 1.19
16 146.031 28.600 0.035 1.22
16 149.992 29.190 0.037 1.25
16 153.949 29.720 0.039 1.28
16 157.873 30.282 0.041 1.32
16 161.835 30.814 0.043 1.35
16 165.817 31.295 0.045 1.38
16 169.793 31.792 0.047 1.41
16 173.759 32.416 0.049 1.44
16 177.684 33.087 0.050 1.47
16 181.630 33.634 0.052 1.51
16 185.663 34.180 0.054 1.54
16 189.558 34.757 0.056 1.57
16 193.531 35.245 0.058 1.60
16 197.482 35.664 0.059 1.63
16 201.424 36.301 0.060 1.66
16 205.362 36.964 0.061 1.70
16 209.276 37.762 0.062 1.73
16 213.202 38.513 0.064 1.76
16 217.114 39.237 0.065 1.79
16 221.069 39.887 0.066 1.82
16 225.022 40.296 0.067 1.85
16 229.006 40.725 0.068 1.89
16 232.920 41.201 0.069 1.92
16 236.904 41.783 0.070 1.95
16 240.846 42.461 0.071 1.98
16 244.758 43.184 0.072 2.01
16 248.716 43.717 0.073 2.04
16 252.666 44.280 0.074 2.07
16 256.627 44.771 0.075 2.11
16 260.596 45.287 0.076 2.14
16 264.526 45.769 0.077 2.17
16 268.516 46.131 0.078 2.20
16 272.489 46.691 0.080 2.23
16 276.452 47.234 0.081 2.26
16 280.392 47.713 0.082 2.30
16 284.375 48.141 0.083 2.33
16 288.339 48.570 0.084 2.36
16 292.333 49.132 0.085 2.39
16 296.210 49.683 0.086 2.42
16 300.190 50.324 0.087 2.45
16 304.134 50.907 0.088 2.49
16 308.104 51.447 0.090 2.52
16 312.018 51.972 0.091 2.55
16 316.015 52.415 0.092 2.58
16 319.962 52.963 0.093 2.61
16 323.962 53.446 0.095 2.64
16 327.913 53.858 0.096 2.68
16 331.921 54.253 0.097 2.71
16 335.859 54.646 0.099 2.74
16 339.831 55.036 0.100 2.77
16 343.784 55.368 0.101 2.80
16 347.780 55.717 0.102 2.84
16 351.726 56.068 0.104 2.87
16 355.726 56.497 0.105 2.90
16 359.729 56.910 0.106 2.93
16 363.635 57.348 0.107 2.96
16 367.604 57.826 0.108 2.99
16 371.556 58.311 0.109 3.03
17 0.000 7.029 0.056 2.01
17 3.978 7.279 0.055 1.98
17 7.973 7.542 0.054 1.95
17 11.940 7.816 0.053 1.91
17 15.926 8.170 0.053 1.88
17 19.891 8.431 0.052 1.85
17 23.974 8.691 0.051 1.82
17 27.852 9.119 0.050 1.79
17 31.943 9.536 0.049 1.75
17 35.829 10.038 0.048 1.72
17 39.832 10.493 0.048 1.69
17 43.816 10.915 0.047 1.66
17 47.673 11.529 0.046 1.63
17 51.610 12.246 0.045 1.60
17 55.568 12.840 0.044 1.57
17 59.591 13.512 0.043 1.53
17 63.437 14.197 0.042 1.50
17 67.352 14.925 0.042 1.47
17 71.295 15.490 0.041 1.44
17 75.263 16.100 0.040 1.41
17 79.163 16.828 0.039 1.38
17 83.080 17.524 0.038 1.35
17 87.027 18.156 0.037 1.31
17 90.957 18.902 0.036 1.28
17 94.888 19.657 0.033 1.25
17 98.800 20.481 0.029 1.22
17 102.714 21.299 0.026 1.19
17 106.621 22.064 0.022 1.16
17 110.461 22.921 0.019 1.13
17 114.453 23.722 0.015 1.09
17 118.381 24.475 0.012 1.06
17 130.207 26.370 0.015 1.03
17 134.167 26.921 0.017 1.06
17 138.127 27.420 0.020 1.10
17 142.057 27.963 0.023 1.13
17 146.031 28.600 0.025 1.16
17 149.992 29.190 0.028 1.19
17 153.949 29.720 0.031 1.22
17 157.873 30.282 0.033 1.25
17 161.835 30.814 0.035 1.28
17 165.817 31.295 0.037 1.32
17 169.793 31.792 0.039 1.35
17 173.759 32.416 0.041 1.38
17 177.684 33.087 0.043 1.41
17 181.630 33.634 0.045 1.44
17 185.663 34.180 0.047 1.48
17 189.558 34.757 0.049 1.51
17 193.531 35.245 0.051 1.54
17 197.482 35.664 0.053 1.57
17 201.424 36.301 0.055 1.60
17 205.362 36.964 0.057 1.63
17 209.276 37.762 0.059 1.66
17 213.202 38.513 0.060 1.70
17 217.114 39.237 0.061 1.73
17 221.069 39.887 0.062 1.76
17 225.022 40.296 0.063 1.79
17 229.006 40.725 0.064 1.82
17 232.920 41.201 0.065 1.85
17 236.904 41.783 0.066 1.89
17 240.846 42.461 0.067 1.92
17 244.758 43.184 0.068 1.95
17 248.716 43.717 0.070 1.98
17 252.666 44.280 0.070 2.01
17 256.627 44.771 0.072 2.04
17 260.596 45.287 0.073 2.07
17 264.526 45.769 0.074 2.11
17 268.516 46.131 0.075 2.14
17 272.489 46.691 0.076 2.17
17 276.452 47.234 0.077 2.20
17 280.392 47.713 0.078 2.23
17 284.375 48.141 0.079 2.26
17 288.339 48.570 0.080 2.30
17 292.333 49.132 0.081 2.33
17 296.210 49.683 0.083 2.36
17 300.190 50.324 0.084 2.39
17 304.134 50.907 0.085 2.42
17 308.104 51.447 0.086 2.45
17 312.018 51.972 0.087 2.49
17 316.015 52.415 0.088 2.52
17 319.962 52.963 0.089 2.55
17 323.962 53.446 0.090 2.58
17 327.913 53.858 0.091 2.61
17 331.921 54.253 0.092 2.65
17 335.859 54.646 0.093 2.68
17 339.831 55.036 0.095 2.71
17 343.784 55.368 0.096 2.74
17 347.780 55.717 0.097 2.77
17 351.726 56.068 0.098 2.80
17 355.726 56.497 0.099 2.84
17 359.729 56.910 0.100 2.87
17 363.635 57.348 0.101 2.90
17 367.604 57.826 0.102 2.93
17 371.556 58.311 0.103 2.96
17 375.566 58.794 0.104 2.99
17 379.527 59.266 0.105 3.03
18 0.000 7.029 0.061 2.07
18 3.978 7.279 0.060 2.04
18 7.973 7.542 0.059 2.01
18 11.940 7.816 0.058 1.98
18 15.926 8.170 0.057 1.95
18 19.891 8.431 0.056 1.91
18 23.974 8.691 0.055 1.88
18 27.852 9.119 0.054 1.85
18 31.943 9.536 0.054 1.82
18 35.829 10.038 0.053 1.79
18 39.832 10.493 0.052 1.75
18 43.816 10.915 0.051 1.72
18 47.673 11.529 0.050 1.69
18 51.610 12.246 0.049 1.66
18 55.568 12.840 0.048 1.63
18 59.591 13.512 0.047 1.60
18 63.437 14.197 0.046 1.57
18 67.352 14.925 0.045 1.53
18 71.295 15.490 0.045 1.50
18 75.263 16.100 0.044 1.47
18 79.163 16.828 0.043 1.44
18 83.080 17.524 0.041 1.41
18 87.027 18.156 0.038 1.38
18 90.957 18.902 0.037 1.35
18 94.888 19.657 0.035 1.31
18 98.800 20.481 0.033 1.28
18 102.714 21.299 0.031 1.25
18 106.621 22.064 0.029 1.22
18 110.461 22.921 0.027 1.19
18 114.453 23.722 0.025 1.16
18 118.381 24.475 0.022 1.13
18 122.311 25.172 0.018 1.09
18 126.252 25.794 0.014 1.06
18 134.167 26.921 0.010 1.00
18 138.127 27.420 0.013 1.03
18 142.057 27.963 0.016 1.06
18 146.031 28.600 0.020 1.09
18 149.992 29.190 0.023 1.13
18 153.949 29.720 0.026 1.16
18 157.873 30.282 0.030 1.19
18 161.835 30.814 0.033 1.22
18 165.817 31.295 0.036 1.25
18 169.793 31.792 0.039 1.29
18 173.759 32.416 0.041 1.32
18 177.684 33.087 0.043 1.35
18 181.630 33.634 0.045 1.38
18 185.663 34.180 0.047 1.41
18 189.558 34.757 0.049 1.44
18 193.531 35.245 0.051 1.47
18 197.482 35.664 0.053 1.51
18 201.424 36.301 0.055 1.54
18 205.362 36.964 0.057 1.57
18 209.276 37.762 0.058 1.60
18 213.202 38.513 0.059 1.63
18 217.114 39.237 0.060 1.66
18 221.069 39.887 0.061 1.70
18 225.022 40.296 0.063 1.73
18 229.006 40.725 0.064 1.76
18 232.920 41.201 0.065 1.79
18 236.904 41.783 0.066 1.82
18 240.846 42.461 0.067 1.85
18 244.758 43.184 0.068 1.88
18 248.716 43.717 0.069 1.92
18 252.666 44.280 0.070 1.95
18 256.627 44.771 0.071 1.98
18 260.596 45.287 0.072 2.01
18 264.526 45.769 0.073 2.04
18 268.516 46.131 0.075 2.07
18 272.489 46.691 0.076 2.11
18 276.452 47.234 0.077 2.14
18 280.392 47.713 0.078 2.17
18 284.375 48.141 0.079 2.20
18 288.339 48.570 0.080 2.23
18 292.333 49.132 0.081 2.27
18 296.210 49.683 0.082 2.30
18 300.190 50.324 0.083 2.33
18 304.134 50.907 0.084 2.36
18 308.104 51.447 0.085 2.39
18 312.018 51.972 0.086 2.42
18 316.015 52.415 0.088 2.45
18 319.962 52.963 0.089 2.49
18 323.962 53.446 0.090 2.52
18 327.913 53.858 0.091 2.55
18 331.921 54.253 0.092 2.58
18 335.859 54.646 0.093 2.61
18 339.831 55.036 0.094 2.65
18 343.784 55.368 0.095 2.68
18 347.780 55.717 0.096 2.71
18 351.726 56.068 0.097 2.74
18 355.726 56.497 0.099 2.77
18 359.729 56.910 0.100 2.80
18 363.635 57.348 0.101 2.84
18 367.604 57.826 0.102 2.87
18 371.556 58.311 0.103 2.90
18 375.566 58.794 0.104 2.93
19 3.978 7.279 0.061 2.10
19 7.973 7.542 0.060 2.07
19 11.940 7.816 0.059 2.04
19 15.926 8.170 0.058 2.01
19 19.891 8.431 0.057 1.98
19 23.974 8.691 0.056 1.94
19 27.852 9.119 0.056 1.91
19 31.943 9.536 0.055 1.88
19 35.829 10.038 0.054 1.85
19 39.832 10.493 0.053 1.82
19 43.816 10.915 0.052 1.79
19 47.673 11.529 0.051 1.76
19 51.610 12.246 0.051 1.72
19 55.568 12.840 0.050 1.69
19 59.591 13.512 0.049 1.66
19 63.437 14.197 0.048 1.63
19 67.352 14.925 0.047 1.60
19 71.295 15.490 0.046 1.57
19 75.263 16.100 0.045 1.53
19 79.163 16.828 0.045 1.50
19 83.080 17.524 0.043 1.47
19 87.027 18.156 0.042 1.44
19 90.957 18.902 0.041 1.41
19 94.888 19.657 0.039 1.38
19 98.800 20.481 0.038 1.35
19 102.714 21.299 0.036 1.31
19 106.621 22.064 0.035 1.28
19 110.461 22.921 0.034 1.25
19 114.453 23.722 0.032 1.22
19 118.381 24.475 0.029 1.19
19 122.311 25.172 0.026 1.16
19 126.252 25.794 0.022 1.13
19 130.207 26.370 0.018 1.09
19 134.167 26.921 0.015 1.06
19 146.031 28.600 0.010 1.03
19 149.992 29.190 0.013 1.06
19 153.949 29.720 0.017 1.10
19 157.873 30.282 0.021 1.13
19 161.835 30.814 0.024 1.16
19 165.817 31.295 0.028 1.19
19 169.793 31.792 0.032 1.22
19 173.759 32.416 0.035 1.25
19 177.684 33.087 0.039 1.29
19 181.630 33.634 0.042 1.32
19 185.663 34.180 0.043 1.35
19 189.558 34.757 0.045 1.38
19 193.531 35.245 0.047 1.41
19 197.482 35.664 0.049 1.44
19 201.424 36.301 0.051 1.47
19 205.362 36.964 0.053 1.51
19 209.276 37.762 0.055 1.54
19 213.202 38.513 0.057 1.57
19 217.114 39.237 0.059 1.60
19 221.069 39.887 0.060 1.63
19 225.022 40.296 0.061 1.66
19 229.006 40.725 0.062 1.70
19 232.920 41.201 0.064 1.73
19 236.904 41.783 0.065 1.76
19 240.846 42.461 0.066 1.79
19 244.758 43.184 0.067 1.82
19 248.716 43.717 0.069 1.85
19 252.666 44.280 0.070 1.88
19 256.627 44.771 0.071 1.92
19 260.596 45.287 0.072 1.95
19 264.526 45.769 0.073 1.98
19 268.516 46.131 0.074 2.01
19 272.489 46.691 0.076 2.04
19 276.452 47.234 0.077 2.08
19 280.392 47.713 0.078 2.11
19 284.375 48.141 0.079 2.14
19 288.339 48.570 0.081 2.17
19 292.333 49.132 0.082 2.20
19 296.210 49.683 0.083 2.23
19 300.190 50.324 0.084 2.27
19 304.134 50.907 0.085 2.30
19 308.104 51.447 0.087 2.33
19 312.018 51.972 0.088 2.36
19 316.015 52.415 0.089 2.39
19 319.962 52.963 0.090 2.42
19 323.962 53.446 0.091 2.46
19 327.913 53.858 0.092 2.49
19 331.921 54.253 0.093 2.52
19 335.859 54.646 0.095 2.55
19 339.831 55.036 0.096 2.58
19 343.784 55.368 0.097 2.61
19 347.780 55.717 0.098 2.65
19 351.726 56.068 0.099 2.68
19 355.726 56.497 0.100 2.71
19 359.729 56.910 0.101 2.74
19 363.635 57.348 0.102 2.77
19 367.604 57.826 0.103 2.80
19 371.556 58.311 0.104 2.84
20 3.978 7.279 0.058 2.17
20 7.973 7.542 0.057 2.14
20 11.940 7.816 0.056 2.10
20 15.926 8.170 0.055 2.07
20 19.891 8.431 0.055 2.04
20 23.974 8.691 0.054 2.01
20 27.852 9.119 0.053 1.98
20 31.943 9.536 0.052 1.94
20 35.829 10.038 0.051 1.91
20 39.832 10.493 0.051 1.88
20 43.816 10.915 0.050 1.85
20 47.673 11.529 0.049 1.82
20 51.610 12.246 0.048 1.79
20 55.568 12.840 0.047 1.76
20 59.591 13.512 0.047 1.72
20 63.437 14.197 0.046 1.69
20 67.352 14.925 0.045 1.66
20 71.295 15.490 0.044 1.63
20 75.263 16.100 0.043 1.60
20 79.163 16.828 0.042 1.57
20 83.080 17.524 0.041 1.54
20 87.027 18.156 0.039 1.50
20 90.957 18.902 0.038 1.47
20 94.888 19.657 0.037 1.44
20 98.800 20.481 0.035 1.41
20 102.714 21.299 0.034 1.38
20 106.621 22.064 0.033 1.35
20 110.461 22.921 0.032 1.32
20 114.453 23.722 0.030 1.28
20 118.381 24.475 0.029 1.25
20 122.311 25.172 0.028 1.22
20 126.252 25.794 0.026 1.19
20 130.207 26.370 0.023 1.16
20 134.167 26.921 0.019 1.13
20 138.127 27.420 0.015 1.09
20 142.057 27.963 0.012 1.06
20 153.949 29.720 0.013 1.03
20 157.873 30.282 0.019 1.06
20 161.835 30.814 0.025 1.09
20 165.817 31.295 0.031 1.13
20 169.793 31.792 0.034 1.16
20 173.759 32.416 0.035 1.19
20 177.684 33.087 0.037 1.22
20 181.630 33.634 0.038 1.25
20 185.663 34.180 0.040 1.29
20 189.558 34.757 0.041 1.32
20 193.531 35.245 0.042 1.35
20 197.482 35.664 0.043 1.38
20 201.424 36.301 0.045 1.41
20 205.362 36.964 0.046 1.44
20 209.276 37.762 0.047 1.47
20 213.202 38.513 0.049 1.51
20 217.114 39.237 0.050 1.54
20 221.069 39.887 0.051 1.57
20 225.022 40.296 0.053 1.60
20 229.006 40.725 0.054 1.63
20 232.920 41.201 0.056 1.66
20 236.904 41.783 0.057 1.70
20 240.846 42.461 0.059 1.73
20 244.758 43.184 0.060 1.76
20 248.716 43.717 0.061 1.79
20 252.666 44.280 0.063 1.82
20 256.627 44.771 0.064 1.85
20 260.596 45.287 0.065 1.88
20 264.526 45.769 0.067 1.92
20 268.516 46.131 0.068 1.95
20 272.489 46.691 0.069 1.98
20 276.452 47.234 0.070 2.01
20 280.392 47.713 0.070 2.04
20 284.375 48.141 0.071 2.08
20 288.339 48.570 0.072 2.11
20 292.333 49.132 0.073 2.14
20 296.210 49.683 0.074 2.17
20 300.190 50.324 0.075 2.20
20 304.134 50.907 0.076 2.23
20 308.104 51.447 0.077 2.26
20 312.018 51.972 0.078 2.30
20 316.015 52.415 0.079 2.33
20 319.962 52.963 0.080 2.36
20 323.962 53.446 0.081 2.39
20 327.913 53.858 0.082 2.42
20 331.921 54.253 0.083 2.46
20 335.859 54.646 0.084 2.49
20 339.831 55.036 0.085 2.52
20 343.784 55.368 0.086 2.55
20 347.780 55.717 0.087 2.58
20 351.726 56.068 0.088 2.61
20 355.726 56.497 0.089 2.65
20 359.729 56.910 0.090 2.68
20 363.635 57.348 0.091 2.71
20 367.604 57.826 0.092 2.74
20 371.556 58.311 0.093 2.77
21 3.978 7.279 0.058 2.23
21 7.973 7.542 0.057 2.20
21 11.940 7.816 0.056 2.17
21 15.926 8.170 0.055 2.14
21 19.891 8.431 0.054 2.10
21 23.974 8.691 0.053 2.07
21 27.852 9.119 0.052 2.04
21 31.943 9.536 0.051 2.01
21 35.829 10.038 0.050 1.98
21 39.832 10.493 0.049 1.94
21 43.816 10.915 0.048 1.91
21 47.673 11.529 0.048 1.88
21 51.610 12.246 0.047 1.85
21 55.568 12.840 0.047 1.82
21 59.591 13.512 0.047 1.79
21 63.437 14.197 0.047 1.76
21 67.352 14.925 0.046 1.72
21 71.295 15.490 0.045 1.69
21 75.263 16.100 0.044 1.66
21 79.163 16.828 0.043 1.63
21 83.080 17.524 0.042 1.60
21 87.027 18.156 0.041 1.57
21 90.957 18.902 0.040 1.54
21 94.888 19.657 0.039 1.50
21 98.800 20.481 0.038 1.47
21 102.714 21.299 0.037 1.44
21 106.621 22.064 0.035 1.41
21 110.461 22.921 0.033 1.38
21 114.453 23.722 0.032 1.35
21 118.381 24.475 0.030 1.32
21 122.311 25.172 0.028 1.28
21 126.252 25.794 0.026 1.25
21 130.207 26.370 0.025 1.22
21 134.167 26.921 0.022 1.19
21 138.127 27.420 0.020 1.16
21 165.817 31.295 0.010 1.06
21 169.793 31.792 0.014 1.10
21 173.759 32.416 0.018 1.13
21 177.684 33.087 0.022 1.16
21 181.630 33.634 0.026 1.19
21 185.663 34.180 0.029 1.22
21 189.558 34.757 0.033 1.25
21 193.531 35.245 0.037 1.29
21 197.482 35.664 0.039 1.32
21 201.424 36.301 0.041 1.35
21 205.362 36.964 0.043 1.38
21 209.276 37.762 0.045 1.41
21 213.202 38.513 0.047 1.44
21 217.114 39.237 0.049 1.47
21 221.069 39.887 0.050 1.51
21 225.022 40.296 0.052 1.54
21 229.006 40.725 0.053 1.57
21 232.920 41.201 0.054 1.60
21 236.904 41.783 0.055 1.63
21 240.846 42.461 0.056 1.66
21 244.758 43.184 0.057 1.70
21 248.716 43.717 0.058 1.73
21 252.666 44.280 0.059 1.76
21 256.627 44.771 0.060 1.79
21 260.596 45.287 0.061 1.82
21 264.526 45.769 0.062 1.85
21 268.516 46.131 0.062 1.89
21 272.489 46.691 0.063 1.92
21 276.452 47.234 0.064 1.95
21 280.392 47.713 0.065 1.98
21 284.375 48.141 0.066 2.01
21 288.339 48.570 0.067 2.04
21 292.333 49.132 0.068 2.08
21 296.210 49.683 0.069 2.11
21 300.190 50.324 0.069 2.14
21 304.134 50.907 0.070 2.17
21 308.104 51.447 0.071 2.20
21 312.018 51.972 0.072 2.23
21 316.015 52.415 0.073 2.27
21 319.962 52.963 0.074 2.30
21 323.962 53.446 0.074 2.33
21 327.913 53.858 0.075 2.36
21 331.921 54.253 0.076 2.39
21 335.859 54.646 0.077 2.42
21 339.831 55.036 0.078 2.46
21 343.784 55.368 0.079 2.49
21 347.780 55.717 0.080 2.52
21 351.726 56.068 0.080 2.55
22 7.973 7.542 0.062 2.26
22 11.940 7.816 0.061 2.23
22 15.926 8.170 0.061 2.20
22 19.891 8.431 0.060 2.17
22 23.974 8.691 0.059 2.13
22 27.852 9.119 0.058 2.10
22 31.943 9.536 0.057 2.07
22 35.829 10.038 0.056 2.04
22 39.832 10.493 0.056 2.01
22 43.816 10.915 0.055 1.98
22 47.673 11.529 0.054 1.95
22 51.610 12.246 0.053 1.91
22 55.568 12.840 0.052 1.88
22 59.591 13.512 0.051 1.85
22 63.437 14.197 0.051 1.82
22 67.352 14.925 0.050 1.79
22 71.295 15.490 0.049 1.76
22 75.263 16.100 0.048 1.72
22 79.163 16.828 0.047 1.69
22 83.080 17.524 0.046 1.66
22 87.027 18.156 0.045 1.63
22 90.957 18.902 0.044 1.60
22 94.888 19.657 0.042 1.57
22 98.800 20.481 0.040 1.54
22 102.714 21.299 0.038 1.50
22 106.621 22.064 0.037 1.47
22 110.461 22.921 0.035 1.44
22 114.453 23.722 0.033 1.41
22 118.381 24.475 0.031 1.38
22 122.311 25.172 0.030 1.35
22 126.252 25.794 0.028 1.32
22 130.207 26.370 0.026 1.28
22 134.167 26.921 0.024 1.25
22 138.127 27.420 0.024 1.22
22 142.057 27.963 0.023 1.19
22 146.031 28.600 0.022 1.16
22 149.992 29.190 0.020 1.13
22 153.949 29.720 0.017 1.09
22 177.684 33.087 0.018 1.09
22 181.630 33.634 0.021 1.13
22 185.663 34.180 0.024 1.16
22 189.558 34.757 0.027 1.19
22 193.531 35.245 0.029 1.22
22 197.482 35.664 0.032 1.25
22 201.424 36.301 0.034 1.28
22 205.362 36.964 0.035 1.32
22 209.276 37.762 0.037 1.35
22 213.202 38.513 0.039 1.38
22 217.114 39.237 0.040 1.41
22 221.069 39.887 0.042 1.44
22 225.022 40.296 0.044 1.47
22 229.006 40.725 0.046 1.51
22 232.920 41.201 0.048 1.54
22 236.904 41.783 0.050 1.57
22 240.846 42.461 0.051 1.60
22 244.758 43.184 0.053 1.63
22 248.716 43.717 0.054 1.66
22 252.666 44.280 0.055 1.69
22 256.627 44.771 0.057 1.73
22 260.596 45.287 0.058 1.76
22 264.526 45.769 0.059 1.79
22 268.516 46.131 0.060 1.82
22 272.489 46.691 0.061 1.85
22 276.452 47.234 0.062 1.89
22 280.392 47.713 0.064 1.92
22 284.375 48.141 0.065 1.95
22 288.339 48.570 0.066 1.98
22 292.333 49.132 0.066 2.01
22 296.210 49.683 0.067 2.04
22 300.190 50.324 0.067 2.07
22 304.134 50.907 0.068 2.11
22 308.104 51.447 0.068 2.14
22 312.018 51.972 0.069 2.17
22 316.015 52.415 0.070 2.20
22 319.962 52.963 0.071 2.23
22 323.962 53.446 0.071 2.27
22 327.913 53.858 0.072 2.30
22 331.921 54.253 0.073 2.33
22 335.859 54.646 0.074 2.36
22 339.831 55.036 0.075 2.39
22 343.784 55.368 0.076 2.42
22 347.780 55.717 0.077 2.46
22 351.726 56.068 0.078 2.49
22 355.726 56.497 0.079 2.52
22 359.729 56.910 0.079 2.55
22 363.635 57.348 0.080 2.58
22 367.604 57.826 0.081 2.61
22 371.556 58.311 0.082 2.65
22 375.566 58.794 0.082 2.68
23 7.973 7.542 0.068 2.33
23 11.940 7.816 0.067 2.29
23 15.926 8.170 0.066 2.26
23 19.891 8.431 0.065 2.23
23 23.974 8.691 0.064 2.20
23 27.852 9.119 0.063 2.17
23 31.943 9.536 0.062 2.13
23 35.829 10.038 0.061 2.10
23 39.832 10.493 0.060 2.07
23 43.816 10.915 0.060 2.04
23 47.673 11.529 0.059 2.01
23 51.610 12.246 0.058 1.98
23 55.568 12.840 0.057 1.95
23 59.591 13.512 0.056 1.91
23 63.437 14.197 0.055 1.88
23 67.352 14.925 0.054 1.85
23 71.295 15.490 0.053 1.82
23 75.263 16.100 0.052 1.79
23 79.163 16.828 0.051 1.76
23 83.080 17.524 0.050 1.73
23 87.027 18.156 0.048 1.69
23 90.957 18.902 0.047 1.66
23 94.888 19.657 0.045 1.63
23 98.800 20.481 0.044 1.60
23 102.714 21.299 0.042 1.57
23 106.621 22.064 0.041 1.54
23 110.461 22.921 0.039 1.51
23 114.453 23.722 0.038 1.47
23 118.381 24.475 0.037 1.44
23 122.311 25.172 0.036 1.41
23 126.252 25.794 0.034 1.38
23 130.207 26.370 0.033 1.35
23 134.167 26.921 0.032 1.32
23 138.127 27.420 0.031 1.29
23 142.057 27.963 0.029 1.25
23 146.031 28.600 0.026 1.22
23 149.992 29.190 0.024 1.19
23 153.949 29.720 0.022 1.16
23 157.873 30.282 0.019 1.13
23 161.835 30.814 0.014 1.10
23 185.663 34.180 0.016 1.10
23 189.558 34.757 0.019 1.13
23 193.531 35.245 0.022 1.16
23 197.482 35.664 0.025 1.19
23 201.424 36.301 0.028 1.22
23 205.362 36.964 0.031 1.25
23 209.276 37.762 0.034 1.28
23 213.202 38.513 0.037 1.32
23 217.114 39.237 0.041 1.35
23 221.069 39.887 0.043 1.38
23 225.022 40.296 0.045 1.41
23 229.006 40.725 0.047 1.44
23 232.920 41.201 0.049 1.47
23 236.904 41.783 0.050 1.51
23 240.846 42.461 0.052 1.54
23 244.758 43.184 0.054 1.57
23 248.716 43.717 0.056 1.60
23 252.666 44.280 0.057 1.63
23 256.627 44.771 0.059 1.66
23 260.596 45.287 0.061 1.69
23 264.526 45.769 0.063 1.73
23 268.516 46.131 0.064 1.76
23 272.489 46.691 0.066 1.79
23 276.452 47.234 0.067 1.82
23 280.392 47.713 0.067 1.85
23 284.375 48.141 0.068 1.88
23 288.339 48.570 0.068 1.92
23 292.333 49.132 0.069 1.95
23 296.210 49.683 0.070 1.98
23 300.190 50.324 0.070 2.01
23 304.134 50.907 0.071 2.04
23 308.104 51.447 0.071 2.07
23 312.018 51.972 0.072 2.11
23 316.015 52.415 0.073 2.14
23 319.962 52.963 0.074 2.17
23 323.962 53.446 0.075 2.20
23 327.913 53.858 0.076 2.23
23 331.921 54.253 0.077 2.27
23 335.859 54.646 0.078 2.30
23 339.831 55.036 0.079 2.33
23 343.784 55.368 0.080 2.36
23 347.780 55.717 0.080 2.39
23 351.726 56.068 0.081 2.42
23 355.726 56.497 0.082 2.46
23 359.729 56.910 0.083 2.49
23 363.635 57.348 0.084 2.52
23 367.604 57.826 0.085 2.55
24 7.973 7.542 0.070 2.39
24 11.940 7.816 0.070 2.36
24 15.926 8.170 0.069 2.33
24 19.891 8.431 0.068 2.29
24 23.974 8.691 0.067 2.26
24 27.852 9.119 0.067 2.23
24 31.943 9.536 0.066 2.20
24 35.829 10.038 0.065 2.17
24 39.832 10.493 0.064 2.13
24 43.816 10.915 0.064 2.10
24 47.673 11.529 0.063 2.07
24 51.610 12.246 0.062 2.04
24 55.568 12.840 0.061 2.01
24 59.591 13.512 0.060 1.98
24 63.437 14.197 0.060 1.95
24 67.352 14.925 0.059 1.91
24 71.295 15.490 0.058 1.88
24 75.263 16.100 0.058 1.85
24 79.163 16.828 0.057 1.82
24 83.080 17.524 0.056 1.79
24 87.027 18.156 0.055 1.76
24 90.957 18.902 0.054 1.73
24 94.888 19.657 0.054 1.69
24 98.800 20.481 0.053 1.66
24 102.714 21.299 0.052 1.63
24 106.621 22.064 0.051 1.60
24 110.461 22.921 0.049 1.57
24 114.453 23.722 0.047 1.54
24 118.381 24.475 0.045 1.51
24 122.311 25.172 0.043 1.47
24 126.252 25.794 0.041 1.44
24 130.207 26.370 0.038 1.41
24 134.167 26.921 0.037 1.38
24 138.127 27.420 0.036 1.35
24 142.057 27.963 0.034 1.32
24 146.031 28.600 0.033 1.28
24 149.992 29.190 0.032 1.25
24 153.949 29.720 0.031 1.22
24 157.873 30.282 0.028 1.19
24 161.835 30.814 0.023 1.16
24 165.817 31.295 0.019 1.13
24 169.793 31.792 0.016 1.09
24 173.759 32.416 0.013 1.06
24 177.684 33.087 0.010 1.03
24 185.663 34.180 0.012 1.03
24 189.558 34.757 0.015 1.06
24 193.531 35.245 0.018 1.10
24 197.482 35.664 0.022 1.13
24 201.424 36.301 0.025 1.16
24 205.362 36.964 0.029 1.19
24 209.276 37.762 0.032 1.22
24 213.202 38.513 0.035 1.25
24 217.114 39.237 0.039 1.28
24 221.069 39.887 0.042 1.32
24 225.022 40.296 0.044 1.35
24 229.006 40.725 0.046 1.38
24 232.920 41.201 0.048 1.41
24 236.904 41.783 0.050 1.44
24 240.846 42.461 0.051 1.47
24 244.758 43.184 0.053 1.51
24 248.716 43.717 0.055 1.54
24 252.666 44.280 0.057 1.57
24 256.627 44.771 0.059 1.60
24 260.596 45.287 0.061 1.63
24 264.526 45.769 0.062 1.66
24 268.516 46.131 0.064 1.70
24 272.489 46.691 0.066 1.73
24 276.452 47.234 0.068 1.76
24 280.392 47.713 0.069 1.79
24 284.375 48.141 0.070 1.82
24 288.339 48.570 0.070 1.85
24 292.333 49.132 0.071 1.89
24 296.210 49.683 0.072 1.92
24 300.190 50.324 0.073 1.95
24 304.134 50.907 0.073 1.98
24 308.104 51.447 0.074 2.01
24 312.018 51.972 0.075 2.04
24 316.015 52.415 0.076 2.08
24 319.962 52.963 0.077 2.11
24 323.962 53.446 0.078 2.14
24 327.913 53.858 0.079 2.17
24 331.921 54.253 0.080 2.20
24 335.859 54.646 0.081 2.23
24 339.831 55.036 0.082 2.27
24 343.784 55.368 0.083 2.30
24 347.780 55.717 0.084 2.33
24 351.726 56.068 0.085 2.36
24 355.726 56.497 0.086 2.39
24 359.729 56.910 0.087 2.42
24 363.635 57.348 0.088 2.46
24 367.604 57.826 0.089 2.49
24 371.556 58.311 0.090 2.52
24 375.566 58.794 0.091 2.55
25 102.714 21.299 0.055 1.69
25 106.621 22.064 0.054 1.66
25 110.461 22.921 0.053 1.63
25 114.453 23.722 0.052 1.60
25 118.381 24.475 0.051 1.57
25 122.311 25.172 0.050 1.54
25 126.252 25.794 0.049 1.51
25 130.207 26.370 0.048 1.47
25 134.167 26.921 0.046 1.44
25 138.127 27.420 0.045 1.41
25 142.057 27.963 0.043 1.38
25 146.031 28.600 0.042 1.35
25 149.992 29.190 0.040 1.32
25 153.949 29.720 0.039 1.28
25 157.873 30.282 0.037 1.25
25 161.835 30.814 0.036 1.22
25 165.817 31.295 0.032 1.19
25 169.793 31.792 0.028 1.16
25 173.759 32.416 0.024 1.13
25 177.684 33.087 0.020 1.09
25 181.630 33.634 0.015 1.06
25 197.482 35.664 0.015 1.06
25 201.424 36.301 0.019 1.09
25 205.362 36.964 0.023 1.13
25 209.276 37.762 0.027 1.16
25 213.202 38.513 0.031 1.19
25 217.114 39.237 0.035 1.22
25 221.069 39.887 0.038 1.25
25 225.022 40.296 0.042 1.28
25 229.006 40.725 0.044 1.32
25 232.920 41.201 0.046 1.35
25 236.904 41.783 0.048 1.38
25 240.846 42.461 0.050 1.41
25 244.758 43.184 0.052 1.44
25 248.716 43.717 0.054 1.47
25 252.666 44.280 0.056 1.50
25 256.627 44.771 0.058 1.54
25 260.596 45.287 0.059 1.57
25 264.526 45.769 0.061 1.60
25 268.516 46.131 0.063 1.63
25 272.489 46.691 0.065 1.66
25 276.452 47.234 0.066 1.70
25 280.392 47.713 0.066 1.73
25 284.375 48.141 0.067 1.76
25 288.339 48.570 0.068 1.79
25 292.333 49.132 0.069 1.82
25 296.210 49.683 0.070 1.85
25 300.190 50.324 0.071 1.89
25 304.134 50.907 0.072 1.92
25 308.104 51.447 0.072 1.95
25 312.018 51.972 0.073 1.98
25 316.015 52.415 0.074 2.01
25 319.962 52.963 0.075 2.04
25 323.962 53.446 0.077 2.08
25 327.913 53.858 0.078 2.11
25 331.921 54.253 0.079 2.14
25 335.859 54.646 0.081 2.17
25 339.831 55.036 0.082 2.20
25 343.784 55.368 0.083 2.23
25 347.780 55.717 0.085 2.27
25 351.726 56.068 0.086 2.30
25 355.726 56.497 0.087 2.33
25 359.729 56.910 0.089 2.36
26 98.800 20.481 0.057 1.79
26 102.714 21.299 0.056 1.76
26 106.621 22.064 0.056 1.73
26 110.461 22.921 0.054 1.70
26 114.453 23.722 0.054 1.66
26 118.381 24.475 0.053 1.63
26 122.311 25.172 0.052 1.60
26 126.252 25.794 0.051 1.57
26 130.207 26.370 0.050 1.54
26 134.167 26.921 0.049 1.51
26 138.127 27.420 0.048 1.47
26 142.057 27.963 0.047 1.44
26 146.031 28.600 0.046 1.41
26 149.992 29.190 0.045 1.38
26 153.949 29.720 0.044 1.35
26 157.873 30.282 0.041 1.32
26 161.835 30.814 0.037 1.29
26 165.817 31.295 0.034 1.25
26 169.793 31.792 0.031 1.22
26 173.759 32.416 0.028 1.19
26 177.684 33.087 0.025 1.16
26 181.630 33.634 0.021 1.13
26 185.663 34.180 0.018 1.09
26 189.558 34.757 0.015 1.06
26 205.362 36.964 0.012 1.06
26 209.276 37.762 0.017 1.09
26 213.202 38.513 0.021 1.13
26 217.114 39.237 0.025 1.16
26 221.069 39.887 0.030 1.19
26 225.022 40.296 0.034 1.22
26 229.006 40.725 0.038 1.25
26 232.920 41.201 0.043 1.28
26 236.904 41.783 0.044 1.32
26 240.846 42.461 0.046 1.35
26 244.758 43.184 0.048 1.38
26 248.716 43.717 0.050 1.41
26 252.666 44.280 0.052 1.44
26 256.627 44.771 0.053 1.47
26 260.596 45.287 0.055 1.50
26 264.526 45.769 0.057 1.54
26 268.516 46.131 0.059 1.57
26 272.489 46.691 0.060 1.60
26 276.452 47.234 0.062 1.63
26 280.392 47.713 0.064 1.66
26 284.375 48.141 0.065 1.70
26 288.339 48.570 0.066 1.73
26 292.333 49.132 0.067 1.76
26 296.210 49.683 0.068 1.79
26 300.190 50.324 0.069 1.82
26 304.134 50.907 0.070 1.85
26 308.104 51.447 0.071 1.88
26 312.018 51.972 0.072 1.92
26 316.015 52.415 0.073 1.95
26 319.962 52.963 0.073 1.98
26 323.962 53.446 0.074 2.01
26 327.913 53.858 0.075 2.04
26 331.921 54.253 0.076 2.08
26 335.859 54.646 0.077 2.11
26 339.831 55.036 0.078 2.14
26 343.784 55.368 0.079 2.17
26 347.780 55.717 0.080 2.20
26 351.726 56.068 0.081 2.23
26 355.726 56.497 0.082 2.27
26 359.729 56.910 0.083 2.30
26 363.635 57.348 0.084 2.33
26 367.604 57.826 0.085 2.36
26 371.556 58.311 0.086 2.39
26 375.566 58.794 0.087 2.42
26 379.527 59.266 0.088 2.46
26 383.508 59.769 0.089 2.49
26 387.501 60.234 0.090 2.52
26 391.437 60.671 0.091 2.55
26 395.488 61.127 0.092 2.58
26 399.512 61.583 0.093 2.62
26 403.434 61.905 0.095 2.65
26 407.430 62.249 0.096 2.68
26 411.374 62.555 0.097 2.71
26 415.362 62.946 0.098 2.74
26 419.330 63.307 0.100 2.77
26 423.331 63.673 0.101 2.81
26 427.274 64.017 0.102 2.84
26 431.217 64.337 0.103 2.87
27 98.800 20.481 0.061 1.85
27 102.714 21.299 0.060 1.82
27 106.621 22.064 0.059 1.79
27 110.461 22.921 0.058 1.76
27 114.453 23.722 0.057 1.73
27 118.381 24.475 0.056 1.70
27 122.311 25.172 0.055 1.66
27 126.252 25.794 0.054 1.63
27 130.207 26.370 0.053 1.60
27 134.167 26.921 0.052 1.57
27 138.127 27.420 0.051 1.54
27 142.057 27.963 0.050 1.51
27 146.031 28.600 0.048 1.47
27 149.992 29.190 0.047 1.44
27 153.949 29.720 0.045 1.41
27 157.873 30.282 0.043 1.38
27 161.835 30.814 0.042 1.35
27 165.817 31.295 0.040 1.32
27 169.793 31.792 0.038 1.28
27 173.759 32.416 0.037 1.25
27 177.684 33.087 0.035 1.22
27 181.630 33.634 0.030 1.19
27 185.663 34.180 0.026 1.16
27 189.558 34.757 0.022 1.13
27 193.531 35.245 0.018 1.09
27 197.482 35.664 0.014 1.06
27 217.114 39.237 0.015 1.09
27 221.069 39.887 0.019 1.13
27 225.022 40.296 0.022 1.16
27 229.006 40.725 0.026 1.19
27 232.920 41.201 0.029 1.22
27 236.904 41.783 0.033 1.25
27 240.846 42.461 0.037 1.28
27 244.758 43.184 0.040 1.32
27 248.716 43.717 0.044 1.35
27 252.666 44.280 0.046 1.38
27 256.627 44.771 0.047 1.41
27 260.596 45.287 0.049 1.44
27 264.526 45.769 0.050 1.47
27 268.516 46.131 0.051 1.51
27 272.489 46.691 0.053 1.54
27 276.452 47.234 0.054 1.57
27 280.392 47.713 0.056 1.60
27 284.375 48.141 0.058 1.63
27 288.339 48.570 0.059 1.66
27 292.333 49.132 0.060 1.70
27 296.210 49.683 0.062 1.73
27 300.190 50.324 0.064 1.76
27 304.134 50.907 0.065 1.79
27 308.104 51.447 0.067 1.82
27 312.018 51.972 0.068 1.85
27 316.015 52.415 0.069 1.89
27 319.962 52.963 0.071 1.92
27 323.962 53.446 0.072 1.95
27 327.913 53.858 0.073 1.98
27 331.921 54.253 0.074 2.01
27 335.859 54.646 0.075 2.04
27 339.831 55.036 0.076 2.08
27 343.784 55.368 0.077 2.11
27 347.780 55.717 0.078 2.14
27 351.726 56.068 0.079 2.17
27 355.726 56.497 0.080 2.20
27 359.729 56.910 0.081 2.23
27 363.635 57.348 0.082 2.27
27 367.604 57.826 0.083 2.30
27 371.556 58.311 0.084 2.33
27 375.566 58.794 0.085 2.36
27 379.527 59.266 0.086 2.39
27 383.508 59.769 0.086 2.43
27 387.501 60.234 0.087 2.46
27 391.437 60.671 0.088 2.49
27 395.488 61.127 0.089 2.52
27 399.512 61.583 0.090 2.55
28 98.800 20.481 0.065 1.92
28 102.714 21.299 0.064 1.88
28 106.621 22.064 0.064 1.85
28 110.461 22.921 0.063 1.82
28 114.453 23.722 0.062 1.79
28 118.381 24.475 0.061 1.76
28 122.311 25.172 0.060 1.73
28 126.252 25.794 0.059 1.70
28 130.207 26.370 0.058 1.66
28 134.167 26.921 0.057 1.63
28 138.127 27.420 0.056 1.60
28 142.057 27.963 0.056 1.57
28 146.031 28.600 0.055 1.54
28 149.992 29.190 0.053 1.51
28 153.949 29.720 0.051 1.47
28 157.873 30.282 0.049 1.44
28 161.835 30.814 0.047 1.41
28 165.817 31.295 0.045 1.38
28 169.793 31.792 0.043 1.35
28 173.759 32.416 0.041 1.32
28 177.684 33.087 0.040 1.28
28 181.630 33.634 0.038 1.25
28 185.663 34.180 0.035 1.22
28 189.558 34.757 0.031 1.19
28 193.531 35.245 0.027 1.16
28 197.482 35.664 0.023 1.13
28 201.424 36.301 0.019 1.09
28 205.362 36.964 0.015 1.06
28 209.276 37.762 0.011 1.03
28 217.114 39.237 0.017 1.03
28 221.069 39.887 0.020 1.06
28 225.022 40.296 0.023 1.09
28 229.006 40.725 0.026 1.13
28 232.920 41.201 0.028 1.16
28 236.904 41.783 0.031 1.19
28 240.846 42.461 0.034 1.22
28 244.758 43.184 0.037 1.25
28 248.716 43.717 0.040 1.28
28 252.666 44.280 0.042 1.32
28 256.627 44.771 0.045 1.35
28 260.596 45.287 0.048 1.38
28 264.526 45.769 0.051 1.41
28 268.516 46.131 0.052 1.44
28 272.489 46.691 0.054 1.47
28 276.452 47.234 0.055 1.51
28 280.392 47.713 0.057 1.54
28 284.375 48.141 0.058 1.57
28 288.339 48.570 0.059 1.60
28 292.333 49.132 0.061 1.63
28 296.210 49.683 0.062 1.66
28 300.190 50.324 0.064 1.70
28 304.134 50.907 0.065 1.73
28 308.104 51.447 0.067 1.76
28 312.018 51.972 0.068 1.79
28 316.015 52.415 0.069 1.82
28 319.962 52.963 0.070 1.85
28 323.962 53.446 0.071 1.89
28 327.913 53.858 0.072 1.92
28 331.921 54.253 0.073 1.95
28 335.859 54.646 0.074 1.98
28 339.831 55.036 0.074 2.01
28 343.784 55.368 0.075 2.04
28 347.780 55.717 0.076 2.08
28 351.726 56.068 0.077 2.11
28 355.726 56.497 0.078 2.14
28 359.729 56.910 0.079 2.17
28 363.635 57.348 0.080 2.20
28 367.604 57.826 0.081 2.24
28 371.556 58.311 0.082 2.27
28 375.566 58.794 0.083 2.30
28 379.527 59.266 0.084 2.33
28 383.508 59.769 0.085 2.36
28 387.501 60.234 0.086 2.39
28 391.437 60.671 0.087 2.43
28 395.488 61.127 0.088 2.46
28 399.512 61.583 0.089 2.49
28 403.434 61.905 0.089 2.52
28 407.430 62.249 0.090 2.55
28 411.374 62.555 0.091 2.59
28 415.362 62.946 0.092 2.62
28 419.330 63.307 0.093 2.65
28 423.331 63.673 0.094 2.68
28 427.274 64.017 0.095 2.71
29 98.800 20.481 0.066 1.98
29 102.714 21.299 0.065 1.95
29 106.621 22.064 0.065 1.92
29 110.461 22.921 0.064 1.88
29 114.453 23.722 0.063 1.85
29 118.381 24.475 0.063 1.82
29 122.311 25.172 0.062 1.79
29 126.252 25.794 0.061 1.76
29 130.207 26.370 0.061 1.73
29 134.167 26.921 0.060 1.70
29 138.127 27.420 0.059 1.66
29 142.057 27.963 0.059 1.63
29 146.031 28.600 0.058 1.60
29 149.992 29.190 0.056 1.57
29 153.949 29.720 0.054 1.54
29 157.873 30.282 0.053 1.51
29 161.835 30.814 0.051 1.47
29 165.817 31.295 0.050 1.44
29 169.793 31.792 0.048 1.41
29 173.759 32.416 0.046 1.38
29 177.684 33.087 0.045 1.35
29 181.630 33.634 0.043 1.32
29 185.663 34.180 0.041 1.28
29 189.558 34.757 0.037 1.25
29 193.531 35.245 0.034 1.22
29 197.482 35.664 0.030 1.19
29 201.424 36.301 0.026 1.16
29 205.362 36.964 0.022 1.13
29 209.276 37.762 0.018 1.09
29 232.920 41.201 0.014 1.09
29 236.904 41.783 0.016 1.13
29 240.846 42.461 0.019 1.16
29 244.758 43.184 0.022 1.19
29 248.716 43.717 0.025 1.22
29 252.666 44.280 0.028 1.25
29 256.627 44.771 0.031 1.28
29 260.596 45.287 0.034 1.32
29 264.526 45.769 0.036 1.35
29 268.516 46.131 0.039 1.38
29 272.489 46.691 0.042 1.41
29 276.452 47.234 0.045 1.44
29 280.392 47.713 0.047 1.47
29 284.375 48.141 0.049 1.51
29 288.339 48.570 0.050 1.54
29 292.333 49.132 0.052 1.57
29 296.210 49.683 0.053 1.60
29 300.190 50.324 0.055 1.63
29 304.134 50.907 0.056 1.66
29 308.104 51.447 0.058 1.70
29 312.018 51.972 0.059 1.73
29 316.015 52.415 0.061 1.76
29 319.962 52.963 0.062 1.79
29 323.962 53.446 0.064 1.82
29 327.913 53.858 0.065 1.85
29 331.921 54.253 0.067 1.89
29 335.859 54.646 0.068 1.92
29 339.831 55.036 0.069 1.95
29 343.784 55.368 0.071 1.98
29 347.780 55.717 0.072 2.01
29 351.726 56.068 0.074 2.05
29 355.726 56.497 0.075 2.08
29 359.729 56.910 0.076 2.11
29 363.635 57.348 0.077 2.14
29 367.604 57.826 0.078 2.17
29 371.556 58.311 0.079 2.20
29 375.566 58.794 0.080 2.24
29 379.527 59.266 0.081 2.27
29 383.508 59.769 0.082 2.30
29 387.501 60.234 0.083 2.33
29 391.437 60.671 0.084 2.36
29 395.488 61.127 0.084 2.40
29 399.512 61.583 0.085 2.43
29 403.434 61.905 0.086 2.46
29 407.430 62.249 0.087 2.49
29 411.374 62.555 0.088 2.52
29 415.362 62.946 0.089 2.55
29 419.330 63.307 0.090 2.59
29 423.331 63.673 0.091 2.62
29 427.274 64.017 0.092 2.65
29 431.217 64.337 0.093 2.68
29 435.187 64.749 0.094 2.71
29 439.201 65.014 0.095 2.75
30 102.714 21.299 0.069 2.01
30 106.621 22.064 0.068 1.98
30 110.461 22.921 0.067 1.95
30 114.453 23.722 0.066 1.92
30 118.381 24.475 0.065 1.89
30 122.311 25.172 0.064 1.85
30 126.252 25.794 0.063 1.82
30 130.207 26.370 0.062 1.79
30 134.167 26.921 0.061 1.76
30 138.127 27.420 0.060 1.73
30 142.057 27.963 0.059 1.70
30 146.031 28.600 0.058 1.66
30 149.992 29.190 0.057 1.63
30 153.949 29.720 0.056 1.60
30 157.873 30.282 0.055 1.57
30 161.835 30.814 0.054 1.54
30 165.817 31.295 0.052 1.51
30 169.793 31.792 0.051 1.47
30 173.759 32.416 0.050 1.44
30 177.684 33.087 0.049 1.41
30 181.630 33.634 0.048 1.38
30 185.663 34.180 0.045 1.35
30 189.558 34.757 0.042 1.32
30 193.531 35.245 0.038 1.28
30 197.482 35.664 0.035 1.25
30 201.424 36.301 0.032 1.22
30 205.362 36.964 0.029 1.19
30 209.276 37.762 0.025 1.16
30 213.202 38.513 0.022 1.13
30 217.114 39.237 0.019 1.10
30 240.846 42.461 0.016 1.09
30 244.758 43.184 0.019 1.13
30 248.716 43.717 0.022 1.16
30 252.666 44.280 0.026 1.19
30 256.627 44.771 0.029 1.22
30 260.596 45.287 0.032 1.25
30 264.526 45.769 0.035 1.28
30 268.516 46.131 0.038 1.32
30 272.489 46.691 0.042 1.35
30 276.452 47.234 0.045 1.38
30 280.392 47.713 0.048 1.41
30 284.375 48.141 0.049 1.44
30 288.339 48.570 0.050 1.47
30 292.333 49.132 0.051 1.51
30 296.210 49.683 0.053 1.54
30 300.190 50.324 0.054 1.57
30 304.134 50.907 0.055 1.60
30 308.104 51.447 0.057 1.63
30 312.018 51.972 0.058 1.66
30 316.015 52.415 0.059 1.70
30 319.962 52.963 0.060 1.73
30 323.962 53.446 0.062 1.76
30 327.913 53.858 0.063 1.79
30 331.921 54.253 0.064 1.82
30 335.859 54.646 0.066 1.85
30 339.831 55.036 0.067 1.89
30 343.784 55.368 0.068 1.92
30 347.780 55.717 0.070 1.95
30 351.726 56.068 0.071 1.98
30 355.726 56.497 0.072 2.01
30 359.729 56.910 0.073 2.05
30 363.635 57.348 0.074 2.08
30 367.604 57.826 0.075 2.11
30 371.556 58.311 0.076 2.14
30 375.566 58.794 0.077 2.17
30 379.527 59.266 0.078 2.20
30 383.508 59.769 0.079 2.24
30 387.501 60.234 0.080 2.27
30 391.437 60.671 0.081 2.30
30 395.488 61.127 0.082 2.33
30 399.512 61.583 0.083 2.36
30 403.434 61.905 0.084 2.40
30 407.430 62.249 0.085 2.43
30 411.374 62.555 0.086 2.46
30 415.362 62.946 0.087 2.49
30 419.330 63.307 0.088 2.52
30 423.331 63.673 0.089 2.55
30 427.274 64.017 0.090 2.59
30 431.217 64.337 0.091 2.62
30 435.187 64.749 0.092 2.65
31 102.714 21.299 0.069 2.07
31 106.621 22.064 0.068 2.04
31 110.461 22.921 0.068 2.01
31 114.453 23.722 0.067 1.98
31 118.381 24.475 0.066 1.95
31 122.311 25.172 0.065 1.92
31 126.252 25.794 0.064 1.89
31 130.207 26.370 0.063 1.85
31 134.167 26.921 0.062 1.82
31 138.127 27.420 0.061 1.79
31 142.057 27.963 0.060 1.76
31 146.031 28.600 0.059 1.73
31 149.992 29.190 0.058 1.70
31 153.949 29.720 0.057 1.66
31 157.873 30.282 0.057 1.63
31 161.835 30.814 0.056 1.60
31 165.817 31.295 0.055 1.57
31 169.793 31.792 0.054 1.54
31 173.759 32.416 0.053 1.51
31 177.684 33.087 0.051 1.47
31 181.630 33.634 0.049 1.44
31 185.663 34.180 0.047 1.41
31 189.558 34.757 0.045 1.38
31 193.531 35.245 0.043 1.35
31 197.482 35.664 0.042 1.32
31 201.424 36.301 0.040 1.28
31 205.362 36.964 0.036 1.25
31 209.276 37.762 0.032 1.22
31 213.202 38.513 0.027 1.19
31 217.114 39.237 0.023 1.16
31 221.069 39.887 0.019 1.13
31 225.022 40.296 0.014 1.10
31 248.716 43.717 0.014 1.09
31 252.666 44.280 0.018 1.13
31 256.627 44.771 0.022 1.16
31 260.596 45.287 0.025 1.19
31 264.526 45.769 0.029 1.22
31 268.516 46.131 0.033 1.25
31 272.489 46.691 0.037 1.28
31 276.452 47.234 0.040 1.32
31 280.392 47.713 0.044 1.35
31 284.375 48.141 0.045 1.38
31 288.339 48.570 0.046 1.41
31 292.333 49.132 0.048 1.44
31 296.210 49.683 0.049 1.47
31 300.190 50.324 0.050 1.51
31 304.134 50.907 0.051 1.54
31 308.104 51.447 0.053 1.57
31 312.018 51.972 0.054 1.60
31 316.015 52.415 0.055 1.63
31 319.962 52.963 0.057 1.66
31 323.962 53.446 0.058 1.70
31 327.913 53.858 0.059 1.73
31 331.921 54.253 0.060 1.76
31 335.859 54.646 0.061 1.79
31 339.831 55.036 0.063 1.82
31 343.784 55.368 0.064 1.86
31 347.780 55.717 0.065 1.89
31 351.726 56.068 0.067 1.92
31 355.726 56.497 0.068 1.95
31 359.729 56.910 0.069 1.98
31 363.635 57.348 0.070 2.01
31 367.604 57.826 0.071 2.05
31 371.556 58.311 0.073 2.08
31 375.566 58.794 0.073 2.11
31 379.527 59.266 0.074 2.14
31 383.508 59.769 0.075 2.17
31 387.501 60.234 0.076 2.20
31 391.437 60.671 0.076 2.24
31 395.488 61.127 0.077 2.27
31 399.512 61.583 0.078 2.30
31 403.434 61.905 0.078 2.33
31 407.430 62.249 0.079 2.36
31 411.374 62.555 0.080 2.40
31 415.362 62.946 0.081 2.43
31 419.330 63.307 0.081 2.46
32 98.800 20.481 0.071 2.17
32 102.714 21.299 0.071 2.14
32 106.621 22.064 0.070 2.11
32 110.461 22.921 0.069 2.07
32 114.453 23.722 0.068 2.04
32 118.381 24.475 0.068 2.01
32 122.311 25.172 0.067 1.98
32 126.252 25.794 0.066 1.95
32 130.207 26.370 0.065 1.92
32 134.167 26.921 0.065 1.88
32 138.127 27.420 0.064 1.85
32 142.057 27.963 0.063 1.82
32 146.031 28.600 0.062 1.79
32 149.992 29.190 0.061 1.76
32 153.949 29.720 0.061 1.73
32 157.873 30.282 0.060 1.70
32 161.835 30.814 0.059 1.66
32 165.817 31.295 0.058 1.63
32 169.793 31.792 0.058 1.60
32 173.759 32.416 0.057 1.57
32 177.684 33.087 0.056 1.54
32 181.630 33.634 0.055 1.51
32 185.663 34.180 0.053 1.47
32 189.558 34.757 0.050 1.44
32 193.531 35.245 0.047 1.41
32 197.482 35.664 0.043 1.38
32 201.424 36.301 0.040 1.35
32 205.362 36.964 0.037 1.32
32 209.276 37.762 0.033 1.28
32 213.202 38.513 0.030 1.25
32 217.114 39.237 0.027 1.22
32 221.069 39.887 0.023 1.19
32 225.022 40.296 0.020 1.16
32 229.006 40.725 0.017 1.13
32 252.666 44.280 0.014 1.06
32 256.627 44.771 0.018 1.09
32 260.596 45.287 0.022 1.13
32 264.526 45.769 0.025 1.16
32 268.516 46.131 0.029 1.19
32 272.489 46.691 0.033 1.22
32 276.452 47.234 0.036 1.25
32 280.392 47.713 0.040 1.29
32 284.375 48.141 0.043 1.32
32 288.339 48.570 0.044 1.35
32 292.333 49.132 0.046 1.38
32 296.210 49.683 0.047 1.41
32 300.190 50.324 0.048 1.44
32 304.134 50.907 0.049 1.48
32 308.104 51.447 0.051 1.51
32 312.018 51.972 0.052 1.54
32 316.015 52.415 0.053 1.57
32 319.962 52.963 0.054 1.60
32 323.962 53.446 0.056 1.63
32 327.913 53.858 0.057 1.67
32 331.921 54.253 0.058 1.70
32 335.859 54.646 0.059 1.73
32 339.831 55.036 0.061 1.76
32 343.784 55.368 0.062 1.79
32 347.780 55.717 0.063 1.82
32 351.726 56.068 0.064 1.86
32 355.726 56.497 0.066 1.89
32 359.729 56.910 0.067 1.92
32 363.635 57.348 0.068 1.95
32 367.604 57.826 0.069 1.98
32 371.556 58.311 0.071 2.01
32 375.566 58.794 0.072 2.05
32 379.527 59.266 0.073 2.08
32 383.508 59.769 0.074 2.11
32 387.501 60.234 0.076 2.14
32 391.437 60.671 0.077 2.17
