1   2  0.0062
1   3  0.0116
1   4  0.0131
1   5  0.0147
1   6  0.0162
1   7  0.0180
1   8  0.0210
1   9  0.0225
1   10  0.0243
1   11  0.0270
1   12  0.0292
1   13  0.0288
1   14  0.0313
1   15  0.0324
1   16  0.0347
1   17  0.0369
1   18  0.0376
1   19  0.0397
1   20  0.0403
1   21  0.0414
1   22  0.0430
1   23  0.0442
1   24  0.0458
1   25  0.0473
1   26  0.0478
1   27  0.0493
1   28  0.0499
1   29  0.0507
1   30  0.0521
1   32  0.0545
1   33  0.0556
1   34  0.0571
1   35  0.0599
1   36  0.0617
1   40  0.0650
1   41  0.0653
1   42  0.0668
1   43  0.0684
1   45  0.0743
1   46  0.0760
1   47  0.0780
1   48  0.0809
1   49  0.0836
1   50  0.0848
1   51  0.0861
1   52  0.0871
1   53  0.0882
1   54  0.0892
1   55  0.0903
1   56  0.0913
1   57  0.0923
1   58  0.0932
1   59  0.0941
1   60  0.0951
1   61  0.0960
1   62  0.0976
1   63  0.0998
1   64  0.1018
1   65  0.1021
1   66  0.1027
1   67  0.1035
1   68  0.1042
1   69  0.1049
1   70  0.1059
1   71  0.1074
1   89  0.1255
1   90  0.1266
1   91  0.1277
1   92  0.1287
1   93  0.1298
2   4  0.0063
2   5  0.0102
2   6  0.0132
2   7  0.0151
2   8  0.0165
2   9  0.0179
2   10  0.0200
2   11  0.0223
2   12  0.0246
2   13  0.0269
2   14  0.0292
2   15  0.0298
2   16  0.0311
2   17  0.0331
2   18  0.0350
2   19  0.0365
2   20  0.0377
2   21  0.0391
2   22  0.0405
2   23  0.0418
2   24  0.0432
2   25  0.0445
2   26  0.0459
2   27  0.0473
2   28  0.0488
2   29  0.0502
2   30  0.0517
2   31  0.0532
2   32  0.0546
2   33  0.0561
2   34  0.0576
2   35  0.0590
2   36  0.0605
2   37  0.0620
2   38  0.0634
2   39  0.0649
2   40  0.0664
2   41  0.0679
2   42  0.0693
2   43  0.0708
2   44  0.0723
2   45  0.0737
2   46  0.0752
2   47  0.0767
2   48  0.0781
2   49  0.0796
2   50  0.0811
2   51  0.0832
2   52  0.0850
2   53  0.0868
2   54  0.0886
2   55  0.0903
2   56  0.0917
2   57  0.0930
2   58  0.0943
2   59  0.0949
2   60  0.0955
2   61  0.0964
2   62  0.0974
2   63  0.0983
2   64  0.0993
2   65  0.1003
2   66  0.1012
2   67  0.1022
2   68  0.1031
2   69  0.1041
2   70  0.1051
2   71  0.1056
3   1  0.0146
3   2  0.0122
3   3  0.0099
3   4  0.0075
3   6  0.0063
3   7  0.0089
3   8  0.0116
3   9  0.0142
3   10  0.0162
3   11  0.0179
3   12  0.0197
3   13  0.0229
3   14  0.0259
3   15  0.0279
3   16  0.0304
3   17  0.0321
3   18  0.0334
3   19  0.0353
3   20  0.0362
3   21  0.0374
3   22  0.0387
3   23  0.0402
3   24  0.0421
3   25  0.0436
3   26  0.0444
3   27  0.0460
3   28  0.0465
3   29  0.0473
3   30  0.0486
3   31  0.0497
3   32  0.0506
3   34  0.0535
3   35  0.0565
3   36  0.0585
3   37  0.0602
3   38  0.0623
3   39  0.0605
3   40  0.0629
3   41  0.0643
3   42  0.0653
3   43  0.0664
3   44  0.0690
3   45  0.0713
3   46  0.0774
3   47  0.0786
3   48  0.0798
3   49  0.0812
3   50  0.0827
3   51  0.0844
3   52  0.0857
3   53  0.0863
3   54  0.0870
3   55  0.0888
3   56  0.0912
3   57  0.0935
3   58  0.0938
3   59  0.0941
3   60  0.0945
3   61  0.0953
3   62  0.0965
3   63  0.0976
3   64  0.0985
3   65  0.0991
3   66  0.1008
3   67  0.1019
3   68  0.1030
3   69  0.1044
3   70  0.1057
3   71  0.1062
3   72  0.1059
3   82  0.1134
3   83  0.1137
3   84  0.1146
4   1  0.0173
4   2  0.0155
4   3  0.0137
4   4  0.0119
4   5  0.0101
4   6  0.0083
4   8  0.0066
4   9  0.0091
4   10  0.0115
4   11  0.0140
4   12  0.0164
4   13  0.0188
4   14  0.0213
4   15  0.0237
4   16  0.0262
4   17  0.0286
4   18  0.0304
4   19  0.0319
4   20  0.0334
4   21  0.0349
4   22  0.0364
4   23  0.0380
4   24  0.0395
4   25  0.0410
4   26  0.0425
4   27  0.0440
4   28  0.0455
4   29  0.0470
4   30  0.0485
4   31  0.0500
4   32  0.0516
4   33  0.0531
4   34  0.0546
4   35  0.0561
4   36  0.0576
4   37  0.0591
4   38  0.0606
4   39  0.0621
4   40  0.0637
4   41  0.0652
4   42  0.0667
4   43  0.0682
4   44  0.0697
4   45  0.0712
4   46  0.0730
4   47  0.0752
4   48  0.0775
4   49  0.0797
4   50  0.0811
4   51  0.0821
4   52  0.0831
4   53  0.0841
4   54  0.0852
4   55  0.0862
4   56  0.0872
4   57  0.0882
4   58  0.0893
4   59  0.0903
4   60  0.0913
4   61  0.0923
4   62  0.0933
4   63  0.0944
4   64  0.0954
4   65  0.0964
4   66  0.0974
4   67  0.0984
4   68  0.0995
4   69  0.1005
4   70  0.1015
4   71  0.1025
4   72  0.1036
4   73  0.1046
4   74  0.1056
4   75  0.1066
4   76  0.1076
4   77  0.1087
4   78  0.1097
4   79  0.1108
4   80  0.1121
4   81  0.1134
4   82  0.1147
4   83  0.1161
4   84  0.1174
4   85  0.1187
4   86  0.1200
4   87  0.1213
4   88  0.1226
4   89  0.1231
4   90  0.1231
4   91  0.1232
4   92  0.1232
4   93  0.1233
5   1  0.0234
5   2  0.0211
5   3  0.0188
5   4  0.0165
5   5  0.0143
5   6  0.0120
5   7  0.0097
5   8  0.0074
5   13  0.0160
5   14  0.0177
5   15  0.0194
5   16  0.0211
5   17  0.0228
5   18  0.0245
5   19  0.0261
5   20  0.0275
5   21  0.0289
5   22  0.0304
5   23  0.0318
5   24  0.0332
5   25  0.0346
5   26  0.0360
5   27  0.0374
5   28  0.0388
5   29  0.0402
5   30  0.0417
5   31  0.0431
5   32  0.0445
5   33  0.0459
5   34  0.0473
5   35  0.0487
5   36  0.0501
5   37  0.0515
5   38  0.0530
5   39  0.0545
5   40  0.0561
5   41  0.0576
5   42  0.0591
5   43  0.0606
5   44  0.0621
5   45  0.0642
5   46  0.0666
5   47  0.0690
5   48  0.0714
5   49  0.0737
5   50  0.0761
5   51  0.0785
5   52  0.0809
5   53  0.0821
5   54  0.0832
5   55  0.0842
5   56  0.0852
5   57  0.0863
5   58  0.0873
5   59  0.0884
5   60  0.0894
5   61  0.0905
5   62  0.0915
5   63  0.0926
5   64  0.0936
5   65  0.0946
5   66  0.0959
5   67  0.0973
5   68  0.0987
5   69  0.1001
5   70  0.1015
5   71  0.1029
5   72  0.1043
5   73  0.1057
5   74  0.1071
5   75  0.1085
5   76  0.1097
5   77  0.1105
5   78  0.1114
5   79  0.1122
5   80  0.1130
5   81  0.1138
5   82  0.1146
5   83  0.1154
5   84  0.1162
5   85  0.1170
5   86  0.1178
5   87  0.1186
5   88  0.1194
5   89  0.1202
5   90  0.1210
5   91  0.1218
5   92  0.1226
5   93  0.1234
5   94  0.1242
5   95  0.1250
5   96  0.1258
5   97  0.1266
5   98  0.1274
6   1  0.0267
6   2  0.0247
6   3  0.0226
6   4  0.0206
6   5  0.0186
6   6  0.0165
6   7  0.0145
6   8  0.0124
6   14  0.0181
6   15  0.0197
6   16  0.0214
6   17  0.0230
6   18  0.0247
6   19  0.0263
6   20  0.0280
6   21  0.0296
6   22  0.0311
6   23  0.0326
6   24  0.0340
6   25  0.0355
6   26  0.0370
6   27  0.0384
6   28  0.0399
6   29  0.0413
6   30  0.0428
6   31  0.0442
6   32  0.0457
6   33  0.0472
6   34  0.0486
6   35  0.0501
6   36  0.0515
6   37  0.0530
6   38  0.0545
6   39  0.0559
6   40  0.0574
6   41  0.0588
6   42  0.0603
6   43  0.0630
6   44  0.0660
6   45  0.0689
6   46  0.0718
6   47  0.0747
6   48  0.0765
6   49  0.0778
6   50  0.0790
6   51  0.0803
6   52  0.0815
6   53  0.0827
6   54  0.0840
6   55  0.0852
6   56  0.0865
6   57  0.0877
6   58  0.0890
6   59  0.0902
6   60  0.0914
6   61  0.0927
6   62  0.0939
6   63  0.0952
6   64  0.0964
6   65  0.0977
6   66  0.0989
6   67  0.1001
6   68  0.1012
6   69  0.1018
6   70  0.1024
6   71  0.1030
6   72  0.1035
6   73  0.1041
6   74  0.1047
6   75  0.1053
6   76  0.1058
6   77  0.1064
6   78  0.1070
6   79  0.1082
6   80  0.1096
6   81  0.1110
6   82  0.1124
6   83  0.1138
6   84  0.1152
6   85  0.1166
6   86  0.1180
6   87  0.1189
6   88  0.1192
6   89  0.1196
6   90  0.1199
6   91  0.1203
6   92  0.1206
6   93  0.1210
6   94  0.1213
7   1  0.0299
7   2  0.0281
7   3  0.0262
7   4  0.0244
7   5  0.0226
7   6  0.0208
7   7  0.0190
7   8  0.0171
7   9  0.0153
7   10  0.0135
7   16  0.0117
7   17  0.0134
7   18  0.0150
7   19  0.0167
7   20  0.0184
7   21  0.0201
7   22  0.0219
7   23  0.0237
7   24  0.0255
7   25  0.0274
7   26  0.0292
7   27  0.0310
7   28  0.0328
7   29  0.0346
7   30  0.0364
7   31  0.0383
7   32  0.0403
7   33  0.0422
7   34  0.0441
7   35  0.0460
7   36  0.0479
7   37  0.0497
7   38  0.0511
7   39  0.0526
7   40  0.0541
7   41  0.0556
7   42  0.0571
7   43  0.0586
7   44  0.0604
7   45  0.0627
7   46  0.0650
7   47  0.0673
7   48  0.0696
7   49  0.0719
7   50  0.0731
7   51  0.0744
7   52  0.0756
7   53  0.0768
7   54  0.0780
7   55  0.0792
7   56  0.0804
7   57  0.0816
7   58  0.0829
7   59  0.0842
7   60  0.0854
7   61  0.0867
7   62  0.0880
7   63  0.0892
7   64  0.0905
7   65  0.0918
7   66  0.0930
7   67  0.0943
7   68  0.0955
7   69  0.0968
8   1  0.0335
8   2  0.0316
8   3  0.0297
8   4  0.0279
8   5  0.0260
8   6  0.0241
8   7  0.0223
8   8  0.0204
8   9  0.0186
8   10  0.0167
8   19  0.0135
8   20  0.0156
8   21  0.0176
8   22  0.0197
8   23  0.0218
8   24  0.0239
8   25  0.0259
8   26  0.0280
8   27  0.0301
8   28  0.0322
8   29  0.0343
8   30  0.0364
8   31  0.0386
8   32  0.0407
8   33  0.0428
8   34  0.0449
8   35  0.0471
8   36  0.0492
8   37  0.0501
8   38  0.0508
8   39  0.0514
8   40  0.0521
8   41  0.0528
8   42  0.0536
8   43  0.0565
8   44  0.0594
8   45  0.0623
8   46  0.0652
8   47  0.0681
8   48  0.0710
8   49  0.0729
8   50  0.0742
8   51  0.0754
8   52  0.0766
8   53  0.0778
8   54  0.0790
8   55  0.0802
8   56  0.0814
8   57  0.0826
8   58  0.0838
8   59  0.0851
8   60  0.0863
8   61  0.0875
8   62  0.0887
8   63  0.0899
8   64  0.0912
8   65  0.0924
8   66  0.0936
8   67  0.0948
8   89  0.1161
8   90  0.1170
8   91  0.1180
8   92  0.1189
8   93  0.1199
8   94  0.1208
8   95  0.1217
8   96  0.1227
9   1  0.0379
9   2  0.0366
9   3  0.0353
9   4  0.0340
9   5  0.0327
9   6  0.0314
9   7  0.0297
9   8  0.0280
9   9  0.0262
9   10  0.0245
9   11  0.0228
9   12  0.0210
9   13  0.0178
9   14  0.0145
9   15  0.0112
9   16  0.0082
9   19  0.0106
9   20  0.0156
9   21  0.0206
9   22  0.0256
9   23  0.0275
9   24  0.0294
9   25  0.0312
9   26  0.0321
9   27  0.0331
9   28  0.0341
9   29  0.0351
9   30  0.0361
9   31  0.0378
9   32  0.0396
9   33  0.0414
9   34  0.0431
9   35  0.0449
9   36  0.0467
9   37  0.0485
9   38  0.0502
9   39  0.0520
9   40  0.0538
9   41  0.0555
9   42  0.0572
9   43  0.0590
9   44  0.0607
9   45  0.0624
9   46  0.0641
9   47  0.0658
9   48  0.0675
9   49  0.0692
9   50  0.0710
9   51  0.0730
9   52  0.0760
9   53  0.0790
9   54  0.0820
9   55  0.0841
9   56  0.0847
9   57  0.0854
9   58  0.0861
9   59  0.0867
9   60  0.0874
9   61  0.0881
9   62  0.0887
9   63  0.0895
9   64  0.0909
9   65  0.0922
9   66  0.0936
9   67  0.0950
9   68  0.0963
9   69  0.0977
9   70  0.0991
9   71  0.1004
9   72  0.1012
9   73  0.1016
9   74  0.1021
9   75  0.1026
9   76  0.1032
9   77  0.1039
9   78  0.1046
9   79  0.1053
9   80  0.1060
9   81  0.1067
9   82  0.1074
9   83  0.1081
9   84  0.1088
9   85  0.1097
9   86  0.1107
9   87  0.1118
9   88  0.1129
9   89  0.1140
9   90  0.1150
9   91  0.1161
9   92  0.1172
9   93  0.1183
9   94  0.1193
9   95  0.1204
9   96  0.1215
10   1  0.0399
10   2  0.0383
10   3  0.0368
10   4  0.0352
10   5  0.0336
10   6  0.0321
10   7  0.0305
10   8  0.0289
10   9  0.0274
10   10  0.0256
10   11  0.0237
10   12  0.0219
10   13  0.0201
10   14  0.0183
10   15  0.0157
10   16  0.0124
10   17  0.0111
10   22  0.0185
10   23  0.0223
10   24  0.0261
10   25  0.0289
10   26  0.0302
10   27  0.0316
10   28  0.0329
10   29  0.0342
10   30  0.0355
10   31  0.0368
10   32  0.0382
10   33  0.0395
10   34  0.0408
10   35  0.0421
10   36  0.0434
10   37  0.0530
10   38  0.0536
10   39  0.0543
10   40  0.0549
10   41  0.0556
10   42  0.0562
10   43  0.0571
10   44  0.0591
10   45  0.0610
10   46  0.0630
10   47  0.0649
10   48  0.0668
10   49  0.0688
10   50  0.0707
10   51  0.0727
10   52  0.0745
10   53  0.0763
10   54  0.0781
10   55  0.0799
10   56  0.0814
10   57  0.0827
10   58  0.0839
10   59  0.0852
10   60  0.0864
10   61  0.0874
10   62  0.0884
10   63  0.0895
10   64  0.0905
10   65  0.0915
10   66  0.0926
10   67  0.0936
10   68  0.0946
10   69  0.0957
10   70  0.0967
10   71  0.0977
10   72  0.0988
10   73  0.0998
10   74  0.1008
10   75  0.1019
10   76  0.1029
10   77  0.1039
10   78  0.1050
10   79  0.1060
10   80  0.1070
10   81  0.1081
10   82  0.1091
10   83  0.1101
10   84  0.1112
10   85  0.1122
10   86  0.1132
10   87  0.1143
10   88  0.1153
10   89  0.1163
10   90  0.1174
10   91  0.1184
10   92  0.1194
10   93  0.1205
10   94  0.1215
10   95  0.1225
10   96  0.1236
11   1  0.0417
11   2  0.0402
11   3  0.0386
11   4  0.0371
11   5  0.0355
11   6  0.0339
11   7  0.0324
11   8  0.0308
11   9  0.0293
11   10  0.0277
11   11  0.0262
11   12  0.0246
11   13  0.0230
11   14  0.0215
11   15  0.0199
11   16  0.0185
11   17  0.0172
11   18  0.0159
11   22  0.0110
11   23  0.0138
11   24  0.0165
11   25  0.0193
11   26  0.0220
11   27  0.0245
11   28  0.0264
11   29  0.0283
11   30  0.0302
11   31  0.0321
11   32  0.0340
11   33  0.0359
11   34  0.0375
11   35  0.0390
11   36  0.0405
11   37  0.0419
11   38  0.0434
11   39  0.0449
11   40  0.0464
11   41  0.0479
11   42  0.0494
11   43  0.0509
11   44  0.0523
11   45  0.0546
11   46  0.0598
11   47  0.0649
11   48  0.0678
11   49  0.0692
11   50  0.0705
11   51  0.0718
11   52  0.0732
11   53  0.0745
11   54  0.0758
11   55  0.0772
11   56  0.0785
11   57  0.0798
11   58  0.0811
11   59  0.0821
11   60  0.0830
11   61  0.0840
11   62  0.0849
11   63  0.0859
11   64  0.0868
11   65  0.0878
11   66  0.0887
11   67  0.0897
11   68  0.0907
11   69  0.0916
11   70  0.0926
11   71  0.0935
11   72  0.0945
11   73  0.0954
11   89  0.1108
11   90  0.1117
11   91  0.1126
11   92  0.1136
11   93  0.1145
11   94  0.1155
11   95  0.1164
11   96  0.1173
12   1  0.0479
12   2  0.0464
12   3  0.0450
12   4  0.0436
12   5  0.0421
12   6  0.0407
12   7  0.0393
12   8  0.0379
12   9  0.0364
12   10  0.0350
12   11  0.0336
12   12  0.0322
12   13  0.0307
12   14  0.0293
12   15  0.0279
12   16  0.0264
12   17  0.0248
12   18  0.0221
12   19  0.0195
12   20  0.0168
12   21  0.0141
12   25  0.0140
12   26  0.0173
12   27  0.0206
12   28  0.0238
12   29  0.0264
12   30  0.0283
12   31  0.0303
12   32  0.0323
12   33  0.0343
12   34  0.0362
12   35  0.0382
12   36  0.0402
12   37  0.0422
12   38  0.0441
12   39  0.0461
12   40  0.0480
12   41  0.0499
12   42  0.0519
12   43  0.0538
12   44  0.0558
12   45  0.0577
12   46  0.0596
12   47  0.0616
12   48  0.0635
12   49  0.0654
12   50  0.0674
12   51  0.0693
12   52  0.0710
12   53  0.0725
12   54  0.0740
12   55  0.0755
12   56  0.0770
12   57  0.0785
12   58  0.0796
12   59  0.0807
12   60  0.0818
12   61  0.0830
12   62  0.0841
12   63  0.0852
12   64  0.0863
12   65  0.0874
12   66  0.0885
12   67  0.0896
12   68  0.0907
12   69  0.0919
12   70  0.0930
12   71  0.0941
12   72  0.0952
12   73  0.0962
12   74  0.0972
12   75  0.0982
12   76  0.0991
12   77  0.1001
12   78  0.1011
12   79  0.1021
12   80  0.1031
12   81  0.1041
12   82  0.1050
12   83  0.1060
12   84  0.1070
12   85  0.1080
12   86  0.1090
12   87  0.1099
12   88  0.1109
12   89  0.1119
12   90  0.1129
12   91  0.1139
12   92  0.1149
12   93  0.1158
12   94  0.1168
12   95  0.1178
12   96  0.1188
13   1  0.0498
13   2  0.0484
13   3  0.0471
13   4  0.0457
13   5  0.0444
13   6  0.0430
13   7  0.0416
13   8  0.0403
13   9  0.0389
13   10  0.0376
13   11  0.0362
13   12  0.0349
13   13  0.0335
13   14  0.0321
13   15  0.0308
13   16  0.0294
13   17  0.0280
13   18  0.0257
13   19  0.0233
13   20  0.0209
13   21  0.0185
13   22  0.0162
13   23  0.0138
13   27  0.0132
13   28  0.0164
13   29  0.0195
13   30  0.0226
13   31  0.0257
13   32  0.0278
13   33  0.0298
13   34  0.0319
13   35  0.0340
13   36  0.0361
13   37  0.0382
13   38  0.0403
13   39  0.0424
13   40  0.0445
13   41  0.0466
13   42  0.0486
13   43  0.0506
13   44  0.0527
13   45  0.0547
13   46  0.0567
13   47  0.0587
13   48  0.0608
13   49  0.0628
13   50  0.0648
13   51  0.0668
13   52  0.0687
13   53  0.0698
13   54  0.0710
13   55  0.0721
13   56  0.0732
13   57  0.0744
13   58  0.0755
13   59  0.0767
13   60  0.0778
13   61  0.0789
13   62  0.0801
13   63  0.0812
13   64  0.0824
13   65  0.0835
13   66  0.0846
13   67  0.0858
13   68  0.0869
13   69  0.0879
13   70  0.0889
13   71  0.0899
13   72  0.0909
13   73  0.0919
13   74  0.0929
13   75  0.0939
13   76  0.0949
13   77  0.0959
13   78  0.0969
13   79  0.0979
13   80  0.0988
13   81  0.0998
13   82  0.1008
13   83  0.1017
13   84  0.1027
13   85  0.1036
13   86  0.1046
13   87  0.1055
13   88  0.1065
13   89  0.1075
13   90  0.1084
13   91  0.1094
13   92  0.1103
13   93  0.1113
13   94  0.1123
13   95  0.1132
14   1  0.0509
14   2  0.0496
14   3  0.0484
14   4  0.0472
14   5  0.0460
14   6  0.0448
14   7  0.0436
14   8  0.0424
14   9  0.0411
14   10  0.0399
14   11  0.0387
14   12  0.0375
14   13  0.0363
14   14  0.0351
14   15  0.0339
14   16  0.0326
14   17  0.0314
14   18  0.0302
14   19  0.0290
14   20  0.0278
14   21  0.0266
14   22  0.0254
14   23  0.0241
14   24  0.0208
14   25  0.0151
14   28  0.0093
14   29  0.0126
14   30  0.0158
14   31  0.0190
14   32  0.0222
14   33  0.0254
14   34  0.0287
14   35  0.0319
14   36  0.0341
14   37  0.0359
14   38  0.0376
14   39  0.0393
14   40  0.0410
14   41  0.0427
14   42  0.0445
14   43  0.0462
14   44  0.0479
14   45  0.0496
14   46  0.0514
14   47  0.0531
14   48  0.0548
14   49  0.0563
14   50  0.0578
14   51  0.0592
14   52  0.0606
14   53  0.0621
14   54  0.0635
14   55  0.0649
14   56  0.0664
14   57  0.0678
14   58  0.0693
14   59  0.0707
14   60  0.0721
14   61  0.0736
14   62  0.0750
14   63  0.0764
14   64  0.0776
14   65  0.0786
14   66  0.0797
14   67  0.0807
14   68  0.0817
14   69  0.0828
14   70  0.0838
14   71  0.0848
14   72  0.0859
14   73  0.0869
14   74  0.0879
14   75  0.0890
14   76  0.0900
14   77  0.0910
14   78  0.0921
14   79  0.0931
14   80  0.0941
14   81  0.0952
14   82  0.0962
14   83  0.0972
14   84  0.0983
14   85  0.0993
14   86  0.1003
14   87  0.1014
14   88  0.1024
14   89  0.1034
14   90  0.1045
14   91  0.1055
14   92  0.1065
14   93  0.1076
14   94  0.1086
14   95  0.1096
14   96  0.1106
15   1  0.0511
15   2  0.0501
15   3  0.0491
15   4  0.0481
15   5  0.0471
15   6  0.0461
15   7  0.0451
15   8  0.0441
15   9  0.0431
15   10  0.0421
15   11  0.0410
15   12  0.0400
15   13  0.0390
15   14  0.0380
15   15  0.0370
15   16  0.0360
15   17  0.0350
15   18  0.0340
15   19  0.0330
15   20  0.0307
15   21  0.0284
15   22  0.0261
15   23  0.0238
15   24  0.0215
15   25  0.0191
15   26  0.0168
15   27  0.0145
15   28  0.0087
15   31  0.0139
15   32  0.0174
15   33  0.0209
15   34  0.0244
15   35  0.0280
15   36  0.0315
15   37  0.0350
15   38  0.0385
15   39  0.0400
15   40  0.0415
15   41  0.0430
15   42  0.0445
15   43  0.0460
15   44  0.0475
15   45  0.0490
15   46  0.0505
15   47  0.0520
15   48  0.0535
15   49  0.0549
15   50  0.0563
15   51  0.0577
15   52  0.0591
15   53  0.0604
15   54  0.0618
15   55  0.0632
15   56  0.0645
15   57  0.0659
15   58  0.0673
15   59  0.0687
15   60  0.0700
15   61  0.0714
15   62  0.0728
15   63  0.0741
15   64  0.0755
15   65  0.0769
15   66  0.0783
15   67  0.0793
15   68  0.0803
15   69  0.0813
15   70  0.0824
15   71  0.0834
15   72  0.0844
15   73  0.0854
15   74  0.0865
15   75  0.0875
15   76  0.0885
15   77  0.0895
15   78  0.0906
15   79  0.0916
15   80  0.0926
15   81  0.0936
15   82  0.0947
15   83  0.0957
15   84  0.0967
15   85  0.0977
15   86  0.0988
15   87  0.0998
15   88  0.1008
15   89  0.1018
15   90  0.1029
15   91  0.1039
15   92  0.1049
15   93  0.1059
15   94  0.1070
15   95  0.1080
15   96  0.1090
15   97  0.1100
16   1  0.0572
16   2  0.0561
16   3  0.0549
16   4  0.0537
16   5  0.0526
16   6  0.0514
16   7  0.0503
16   8  0.0491
16   9  0.0479
16   10  0.0468
16   11  0.0456
16   12  0.0444
16   13  0.0433
16   14  0.0421
16   15  0.0409
16   16  0.0398
16   17  0.0386
16   18  0.0367
16   19  0.0348
16   20  0.0328
16   21  0.0309
16   22  0.0290
16   23  0.0270
16   24  0.0251
16   25  0.0231
16   26  0.0212
16   27  0.0192
16   28  0.0173
16   29  0.0154
16   33  0.0155
16   34  0.0193
16   35  0.0232
16   36  0.0270
16   37  0.0309
16   38  0.0347
16   39  0.0375
16   40  0.0393
16   41  0.0411
16   42  0.0430
16   43  0.0448
16   44  0.0466
16   45  0.0485
16   46  0.0503
16   47  0.0521
16   48  0.0539
16   49  0.0558
16   50  0.0576
16   51  0.0592
16   52  0.0603
16   53  0.0614
16   54  0.0624
16   55  0.0635
16   56  0.0646
16   57  0.0656
16   58  0.0667
16   59  0.0678
16   60  0.0688
16   61  0.0699
16   62  0.0710
16   63  0.0720
16   64  0.0731
16   65  0.0742
16   66  0.0752
16   67  0.0763
16   68  0.0773
16   69  0.0784
16   70  0.0795
16   71  0.0805
16   72  0.0816
16   73  0.0827
16   74  0.0837
16   75  0.0848
16   76  0.0859
16   77  0.0871
16   78  0.0884
16   79  0.0897
16   80  0.0909
16   81  0.0922
16   82  0.0935
16   83  0.0947
16   84  0.0960
16   85  0.0973
16   86  0.0985
16   87  0.0998
16   88  0.1010
16   89  0.1023
16   90  0.1036
16   91  0.1048
16   92  0.1061
16   93  0.1074
16   94  0.1084
16   95  0.1086
17   1  0.0560
17   2  0.0552
17   3  0.0543
17   4  0.0535
17   5  0.0526
17   6  0.0518
17   7  0.0509
17   8  0.0501
17   9  0.0492
17   10  0.0483
17   11  0.0475
17   12  0.0466
17   13  0.0458
17   14  0.0449
17   15  0.0441
17   16  0.0432
17   17  0.0424
17   18  0.0415
17   19  0.0407
17   20  0.0398
17   21  0.0390
17   22  0.0381
17   23  0.0372
17   24  0.0361
17   25  0.0327
17   26  0.0292
17   27  0.0258
17   28  0.0223
17   29  0.0189
17   30  0.0155
17   31  0.0120
17   34  0.0148
17   35  0.0174
17   36  0.0201
17   37  0.0228
17   38  0.0254
17   39  0.0281
17   40  0.0307
17   41  0.0334
17   42  0.0353
17   43  0.0373
17   44  0.0392
17   45  0.0412
17   46  0.0431
17   47  0.0451
17   48  0.0470
17   49  0.0489
17   50  0.0509
17   51  0.0528
17   52  0.0548
17   53  0.0567
17   54  0.0586
17   55  0.0596
17   56  0.0607
17   57  0.0618
17   58  0.0629
17   59  0.0640
17   60  0.0651
17   61  0.0662
17   62  0.0673
17   63  0.0684
17   64  0.0695
17   65  0.0705
17   66  0.0716
17   67  0.0727
17   68  0.0738
17   69  0.0749
17   70  0.0760
17   71  0.0771
17   72  0.0782
17   73  0.0793
17   74  0.0804
17   75  0.0814
17   76  0.0825
17   77  0.0836
17   78  0.0847
17   79  0.0858
17   80  0.0869
17   81  0.0880
17   82  0.0891
17   83  0.0902
17   84  0.0913
17   85  0.0923
17   86  0.0934
17   87  0.0945
17   88  0.0956
17   89  0.0967
17   90  0.0978
17   91  0.0989
17   92  0.1000
17   93  0.1011
17   94  0.1021
17   95  0.1032
17   96  0.1043
17   97  0.1054
18   1  0.0607
18   2  0.0598
18   3  0.0589
18   4  0.0580
18   5  0.0571
18   6  0.0562
18   7  0.0554
18   8  0.0545
18   9  0.0536
18   10  0.0527
18   11  0.0518
18   12  0.0509
18   13  0.0500
18   14  0.0491
18   15  0.0482
18   16  0.0473
18   17  0.0464
18   18  0.0455
18   19  0.0446
18   20  0.0437
18   21  0.0425
18   22  0.0405
18   23  0.0385
18   24  0.0366
18   25  0.0346
18   26  0.0326
18   27  0.0307
18   28  0.0287
18   29  0.0267
18   30  0.0247
18   31  0.0217
18   32  0.0180
18   33  0.0143
18   35  0.0097
18   36  0.0130
18   37  0.0163
18   38  0.0196
18   39  0.0230
18   40  0.0263
18   41  0.0296
18   42  0.0329
18   43  0.0362
18   44  0.0390
18   45  0.0411
18   46  0.0431
18   47  0.0452
18   48  0.0472
18   49  0.0492
18   50  0.0513
18   51  0.0533
18   52  0.0554
18   53  0.0572
18   54  0.0583
18   55  0.0594
18   56  0.0605
18   57  0.0615
18   58  0.0626
18   59  0.0637
18   60  0.0648
18   61  0.0659
18   62  0.0670
18   63  0.0681
18   64  0.0691
18   65  0.0702
18   66  0.0713
18   67  0.0724
18   68  0.0735
18   69  0.0746
18   70  0.0757
18   71  0.0767
18   72  0.0778
18   73  0.0789
18   74  0.0800
18   75  0.0811
18   76  0.0822
18   77  0.0833
18   78  0.0843
18   79  0.0854
18   80  0.0865
18   81  0.0876
18   82  0.0887
18   83  0.0898
18   84  0.0909
18   85  0.0920
18   86  0.0930
18   87  0.0941
18   88  0.0952
18   89  0.0963
18   90  0.0974
18   91  0.0985
18   92  0.0996
18   93  0.1006
18   94  0.1017
18   95  0.1028
18   96  0.1039
19   2  0.0606
19   3  0.0598
19   4  0.0589
19   5  0.0581
19   6  0.0572
19   7  0.0564
19   8  0.0556
19   9  0.0547
19   10  0.0539
19   11  0.0530
19   12  0.0522
19   13  0.0513
19   14  0.0505
19   15  0.0496
19   16  0.0488
19   17  0.0480
19   18  0.0471
19   19  0.0463
19   20  0.0454
19   21  0.0446
19   22  0.0432
19   23  0.0419
19   24  0.0405
19   25  0.0391
19   26  0.0378
19   27  0.0364
19   28  0.0351
19   29  0.0337
19   30  0.0323
19   31  0.0294
19   32  0.0257
19   33  0.0220
19   34  0.0183
19   35  0.0146
19   38  0.0096
19   39  0.0133
19   40  0.0170
19   41  0.0207
19   42  0.0244
19   43  0.0281
19   44  0.0317
19   45  0.0354
19   46  0.0391
19   47  0.0415
19   48  0.0435
19   49  0.0454
19   50  0.0474
19   51  0.0494
19   52  0.0514
19   53  0.0533
19   54  0.0553
19   55  0.0573
19   56  0.0588
19   57  0.0600
19   58  0.0612
19   59  0.0625
19   60  0.0637
19   61  0.0649
19   62  0.0661
19   63  0.0673
19   64  0.0685
19   65  0.0697
19   66  0.0709
19   67  0.0721
19   68  0.0733
19   69  0.0745
19   70  0.0757
19   71  0.0769
19   72  0.0782
19   73  0.0794
19   74  0.0806
19   75  0.0818
19   76  0.0830
19   77  0.0842
19   78  0.0854
19   79  0.0866
19   80  0.0878
19   81  0.0890
19   82  0.0901
19   83  0.0912
19   84  0.0923
19   85  0.0934
19   86  0.0945
19   87  0.0956
19   88  0.0967
19   89  0.0978
19   90  0.0989
19   91  0.1000
19   92  0.1011
19   93  0.1022
19   94  0.1033
19   95  0.1044
20   2  0.0579
20   3  0.0571
20   4  0.0563
20   5  0.0554
20   6  0.0546
20   7  0.0538
20   8  0.0530
20   9  0.0522
20   10  0.0514
20   11  0.0506
20   12  0.0498
20   13  0.0490
20   14  0.0482
20   15  0.0474
20   16  0.0466
20   17  0.0458
20   18  0.0450
20   19  0.0442
20   20  0.0434
20   21  0.0418
20   22  0.0406
20   23  0.0393
20   24  0.0380
20   25  0.0367
20   26  0.0354
20   27  0.0341
20   28  0.0328
20   29  0.0315
20   30  0.0302
20   31  0.0290
20   32  0.0277
20   33  0.0264
20   34  0.0228
20   35  0.0191
20   36  0.0154
20   37  0.0118
20   40  0.0132
20   41  0.0192
20   42  0.0252
20   43  0.0312
20   44  0.0342
20   45  0.0355
20   46  0.0368
20   47  0.0381
20   48  0.0395
20   49  0.0408
20   50  0.0421
20   51  0.0434
20   52  0.0448
20   53  0.0461
20   54  0.0474
20   55  0.0488
20   56  0.0502
20   57  0.0515
20   58  0.0529
20   59  0.0543
20   60  0.0557
20   61  0.0571
20   62  0.0585
20   63  0.0599
20   64  0.0613
20   65  0.0626
20   66  0.0640
20   67  0.0654
20   68  0.0665
20   69  0.0675
20   70  0.0685
20   71  0.0695
20   72  0.0705
20   73  0.0714
20   74  0.0724
20   75  0.0734
20   76  0.0744
20   77  0.0754
20   78  0.0763
20   79  0.0773
20   80  0.0783
20   81  0.0793
20   82  0.0802
20   83  0.0812
20   84  0.0822
20   85  0.0831
20   86  0.0841
20   87  0.0851
20   88  0.0860
20   89  0.0870
20   90  0.0880
20   91  0.0889
20   92  0.0899
20   93  0.0909
20   94  0.0918
20   95  0.0928
21   2  0.0582
21   3  0.0571
21   4  0.0561
21   5  0.0550
21   6  0.0539
21   7  0.0528
21   8  0.0517
21   9  0.0507
21   10  0.0496
21   11  0.0485
21   12  0.0477
21   13  0.0475
21   14  0.0473
21   15  0.0471
21   16  0.0469
21   17  0.0467
21   18  0.0464
21   19  0.0453
21   20  0.0442
21   21  0.0432
21   22  0.0421
21   23  0.0410
21   24  0.0400
21   25  0.0389
21   26  0.0378
21   27  0.0368
21   28  0.0351
21   29  0.0333
21   30  0.0316
21   31  0.0299
21   32  0.0282
21   33  0.0265
21   34  0.0245
21   35  0.0222
21   36  0.0198
21   43  0.0102
21   44  0.0141
21   45  0.0179
21   46  0.0218
21   47  0.0256
21   48  0.0295
21   49  0.0333
21   50  0.0372
21   51  0.0392
21   52  0.0410
21   53  0.0429
21   54  0.0448
21   55  0.0467
21   56  0.0486
21   57  0.0504
21   58  0.0523
21   59  0.0534
21   60  0.0543
21   61  0.0552
21   62  0.0561
21   63  0.0570
21   64  0.0580
21   65  0.0589
21   66  0.0598
21   67  0.0607
21   68  0.0616
21   69  0.0625
21   70  0.0634
21   71  0.0643
21   72  0.0652
21   73  0.0660
21   74  0.0669
21   75  0.0677
21   76  0.0685
21   77  0.0694
21   78  0.0702
21   79  0.0711
21   80  0.0719
21   81  0.0727
21   82  0.0736
21   83  0.0744
21   84  0.0753
21   85  0.0761
21   86  0.0769
21   87  0.0778
21   88  0.0786
21   89  0.0795
21   90  0.0803
22   3  0.0622
22   4  0.0614
22   5  0.0606
22   6  0.0597
22   7  0.0589
22   8  0.0581
22   9  0.0572
22   10  0.0564
22   11  0.0556
22   12  0.0547
22   13  0.0539
22   14  0.0531
22   15  0.0522
22   16  0.0514
22   17  0.0506
22   18  0.0497
22   19  0.0489
22   20  0.0481
22   21  0.0472
22   22  0.0464
22   23  0.0454
22   24  0.0436
22   25  0.0419
22   26  0.0401
22   27  0.0384
22   28  0.0366
22   29  0.0349
22   30  0.0331
22   31  0.0314
22   32  0.0296
22   33  0.0279
22   34  0.0261
22   35  0.0244
22   36  0.0235
22   37  0.0226
22   38  0.0217
22   39  0.0200
22   40  0.0171
22   46  0.0181
22   47  0.0210
22   48  0.0238
22   49  0.0266
22   50  0.0294
22   51  0.0322
22   52  0.0338
22   53  0.0354
22   54  0.0370
22   55  0.0387
22   56  0.0403
22   57  0.0421
22   58  0.0440
22   59  0.0459
22   60  0.0478
22   61  0.0498
22   62  0.0512
22   63  0.0526
22   64  0.0539
22   65  0.0553
22   66  0.0566
22   67  0.0580
22   68  0.0593
22   69  0.0604
22   70  0.0614
22   71  0.0625
22   72  0.0635
22   73  0.0646
22   74  0.0655
22   75  0.0661
22   76  0.0666
22   77  0.0671
22   78  0.0677
22   79  0.0682
22   80  0.0688
22   81  0.0697
22   82  0.0706
22   83  0.0715
22   84  0.0724
22   85  0.0733
22   86  0.0742
22   87  0.0751
22   88  0.0760
22   89  0.0769
22   90  0.0777
22   91  0.0785
22   92  0.0793
22   93  0.0801
22   94  0.0808
22   95  0.0816
22   96  0.0824
23   3  0.0676
23   4  0.0667
23   5  0.0658
23   6  0.0649
23   7  0.0640
23   8  0.0631
23   9  0.0623
23   10  0.0614
23   11  0.0605
23   12  0.0596
23   13  0.0587
23   14  0.0578
23   15  0.0569
23   16  0.0561
23   17  0.0552
23   18  0.0543
23   19  0.0534
23   20  0.0525
23   21  0.0511
23   22  0.0496
23   23  0.0481
23   24  0.0466
23   25  0.0451
23   26  0.0437
23   27  0.0422
23   28  0.0407
23   29  0.0392
23   30  0.0380
23   31  0.0368
23   32  0.0356
23   33  0.0343
23   34  0.0331
23   35  0.0319
23   36  0.0307
23   37  0.0287
23   38  0.0265
23   39  0.0244
23   40  0.0222
23   41  0.0188
23   42  0.0142
23   48  0.0163
23   49  0.0193
23   50  0.0223
23   51  0.0253
23   52  0.0284
23   53  0.0314
23   54  0.0344
23   55  0.0374
23   56  0.0405
23   57  0.0435
23   58  0.0452
23   59  0.0470
23   60  0.0487
23   61  0.0504
23   62  0.0522
23   63  0.0539
23   64  0.0557
23   65  0.0574
23   66  0.0592
23   67  0.0609
23   68  0.0627
23   69  0.0644
23   70  0.0660
23   71  0.0666
23   72  0.0672
23   73  0.0678
23   74  0.0684
23   75  0.0690
23   76  0.0697
23   77  0.0703
23   78  0.0709
23   79  0.0715
23   80  0.0722
23   81  0.0731
23   82  0.0740
23   83  0.0749
23   84  0.0758
23   85  0.0767
23   86  0.0776
23   87  0.0785
23   88  0.0795
23   89  0.0804
23   90  0.0813
23   91  0.0822
23   92  0.0831
23   93  0.0840
23   94  0.0849
24   3  0.0703
24   4  0.0695
24   5  0.0688
24   6  0.0680
24   7  0.0673
24   8  0.0665
24   9  0.0658
24   10  0.0650
24   11  0.0642
24   12  0.0635
24   13  0.0627
24   14  0.0620
24   15  0.0612
24   16  0.0605
24   17  0.0597
24   18  0.0590
24   19  0.0582
24   20  0.0575
24   21  0.0567
24   22  0.0560
24   23  0.0552
24   24  0.0545
24   25  0.0537
24   26  0.0530
24   27  0.0522
24   28  0.0514
24   29  0.0492
24   30  0.0471
24   31  0.0449
24   32  0.0428
24   33  0.0406
24   34  0.0384
24   35  0.0367
24   36  0.0356
24   37  0.0344
24   38  0.0333
24   39  0.0322
24   40  0.0311
24   41  0.0279
24   42  0.0234
24   43  0.0188
24   44  0.0157
24   45  0.0127
24   46  0.0097
24   48  0.0119
24   49  0.0149
24   50  0.0183
24   51  0.0217
24   52  0.0251
24   53  0.0285
24   54  0.0319
24   55  0.0353
24   56  0.0387
24   57  0.0420
24   58  0.0439
24   59  0.0457
24   60  0.0476
24   61  0.0495
24   62  0.0513
24   63  0.0532
24   64  0.0550
24   65  0.0569
24   66  0.0587
24   67  0.0606
24   68  0.0625
24   69  0.0643
24   70  0.0662
24   71  0.0680
24   72  0.0688
24   73  0.0695
24   74  0.0703
24   75  0.0711
24   76  0.0719
24   77  0.0727
24   78  0.0735
24   79  0.0743
24   80  0.0750
24   81  0.0759
24   82  0.0770
24   83  0.0780
24   84  0.0790
24   85  0.0800
24   86  0.0810
24   87  0.0820
24   88  0.0830
24   89  0.0840
24   90  0.0851
24   91  0.0861
24   92  0.0871
24   93  0.0881
24   94  0.0891
24   95  0.0901
24   96  0.0911
25   3  0.0552
25   4  0.0541
25   5  0.0530
25   6  0.0519
25   7  0.0508
25   8  0.0497
25   9  0.0486
25   10  0.0475
25   11  0.0461
25   12  0.0446
25   13  0.0431
25   14  0.0417
25   15  0.0402
25   16  0.0387
25   17  0.0372
25   18  0.0357
25   19  0.0323
25   20  0.0281
25   21  0.0239
25   22  0.0196
25   23  0.0154
25   27  0.0150
25   28  0.0189
25   29  0.0228
25   30  0.0267
25   31  0.0306
25   32  0.0345
25   33  0.0384
25   34  0.0421
25   35  0.0440
25   36  0.0460
25   37  0.0479
25   38  0.0498
25   39  0.0517
25   40  0.0536
25   41  0.0555
25   42  0.0575
25   43  0.0594
25   44  0.0613
25   45  0.0632
25   46  0.0646
25   47  0.0655
25   48  0.0664
25   49  0.0672
25   50  0.0681
25   51  0.0690
25   52  0.0699
25   53  0.0707
25   54  0.0716
25   55  0.0725
25   56  0.0734
25   57  0.0743
25   58  0.0753
25   59  0.0766
25   60  0.0780
25   61  0.0793
25   62  0.0806
25   63  0.0820
25   64  0.0833
25   65  0.0846
25   66  0.0860
25   67  0.0873
25   68  0.0887
26   2  0.0574
26   3  0.0564
26   4  0.0555
26   5  0.0545
26   6  0.0536
26   7  0.0526
26   8  0.0517
26   9  0.0508
26   10  0.0498
26   11  0.0489
26   12  0.0479
26   13  0.0470
26   14  0.0461
26   15  0.0451
26   16  0.0439
26   17  0.0407
26   18  0.0375
26   19  0.0343
26   20  0.0311
26   21  0.0279
26   22  0.0247
26   23  0.0215
26   24  0.0183
26   25  0.0151
26   29  0.0124
26   30  0.0167
26   31  0.0210
26   32  0.0253
26   33  0.0296
26   34  0.0339
26   35  0.0382
26   36  0.0425
26   37  0.0445
26   38  0.0462
26   39  0.0480
26   40  0.0498
26   41  0.0516
26   42  0.0533
26   43  0.0551
26   44  0.0569
26   45  0.0586
26   46  0.0604
26   47  0.0622
26   48  0.0639
26   49  0.0650
26   50  0.0660
26   51  0.0669
26   52  0.0679
26   53  0.0688
26   54  0.0698
26   55  0.0707
26   56  0.0717
26   57  0.0726
26   58  0.0735
26   59  0.0745
26   60  0.0754
26   61  0.0764
26   62  0.0773
26   63  0.0783
26   64  0.0792
26   65  0.0802
26   66  0.0811
26   67  0.0821
26   68  0.0830
26   69  0.0840
26   70  0.0849
26   71  0.0859
26   72  0.0868
26   73  0.0878
26   74  0.0887
26   75  0.0897
26   76  0.0908
26   77  0.0920
26   78  0.0933
26   79  0.0945
26   80  0.0958
26   81  0.0970
26   82  0.0983
26   83  0.0995
26   84  0.1008
26   85  0.1020
26   86  0.1033
27   2  0.0611
27   3  0.0601
27   4  0.0591
27   5  0.0581
27   6  0.0571
27   7  0.0561
27   8  0.0551
27   9  0.0541
27   10  0.0531
27   11  0.0521
27   12  0.0511
27   13  0.0500
27   14  0.0483
27   15  0.0467
27   16  0.0450
27   17  0.0434
27   18  0.0418
27   19  0.0401
27   20  0.0385
27   21  0.0368
27   22  0.0346
27   23  0.0305
27   24  0.0265
27   25  0.0225
27   26  0.0185
27   27  0.0144
27   32  0.0150
27   33  0.0186
27   34  0.0222
27   35  0.0258
27   36  0.0294
27   37  0.0330
27   38  0.0366
27   39  0.0402
27   40  0.0438
27   41  0.0456
27   42  0.0471
27   43  0.0486
27   44  0.0500
27   45  0.0515
27   46  0.0530
27   47  0.0545
27   48  0.0560
27   49  0.0575
27   50  0.0590
27   51  0.0605
27   52  0.0620
27   53  0.0635
27   54  0.0650
27   55  0.0665
27   56  0.0679
27   57  0.0694
27   58  0.0709
27   59  0.0719
27   60  0.0728
27   61  0.0738
27   62  0.0748
27   63  0.0757
27   64  0.0767
27   65  0.0777
27   66  0.0787
27   67  0.0796
27   68  0.0806
27   69  0.0816
27   70  0.0826
27   71  0.0835
27   72  0.0845
27   73  0.0855
27   74  0.0864
27   75  0.0874
27   76  0.0884
27   77  0.0894
27   78  0.0903
28   2  0.0653
28   3  0.0644
28   4  0.0635
28   5  0.0626
28   6  0.0617
28   7  0.0608
28   8  0.0600
28   9  0.0591
28   10  0.0582
28   11  0.0573
28   12  0.0564
28   13  0.0555
28   14  0.0546
28   15  0.0527
28   16  0.0508
28   17  0.0489
28   18  0.0471
28   19  0.0452
28   20  0.0433
28   21  0.0414
28   22  0.0395
28   23  0.0376
28   24  0.0355
28   25  0.0313
28   26  0.0272
28   27  0.0230
28   28  0.0189
28   29  0.0148
28   30  0.0106
28   32  0.0172
28   33  0.0200
28   34  0.0228
28   35  0.0256
28   36  0.0284
28   37  0.0312
28   38  0.0340
28   39  0.0368
28   40  0.0396
28   41  0.0424
28   42  0.0452
28   43  0.0480
28   44  0.0507
28   45  0.0521
28   46  0.0536
28   47  0.0551
28   48  0.0565
28   49  0.0580
28   50  0.0594
28   51  0.0609
28   52  0.0623
28   53  0.0638
28   54  0.0652
28   55  0.0667
28   56  0.0680
28   57  0.0689
28   58  0.0698
28   59  0.0708
28   60  0.0717
28   61  0.0727
28   62  0.0736
28   63  0.0745
28   64  0.0755
28   65  0.0764
28   66  0.0773
28   67  0.0783
28   68  0.0792
28   69  0.0802
28   70  0.0811
28   71  0.0820
28   72  0.0830
28   73  0.0839
28   74  0.0848
28   75  0.0858
28   76  0.0867
28   77  0.0876
28   78  0.0886
28   79  0.0895
28   80  0.0905
28   81  0.0914
28   82  0.0923
28   83  0.0933
28   84  0.0942
28   85  0.0951
29   2  0.0659
29   3  0.0652
29   4  0.0646
29   5  0.0639
29   6  0.0633
29   7  0.0627
29   8  0.0620
29   9  0.0614
29   10  0.0607
29   11  0.0601
29   12  0.0594
29   13  0.0588
29   14  0.0578
29   15  0.0561
29   16  0.0545
29   17  0.0529
29   18  0.0512
29   19  0.0496
29   20  0.0480
29   21  0.0463
29   22  0.0447
29   23  0.0430
29   24  0.0414
29   25  0.0375
29   26  0.0336
29   27  0.0297
29   28  0.0258
29   29  0.0219
29   30  0.0180
29   36  0.0136
29   37  0.0164
29   38  0.0193
29   39  0.0221
29   40  0.0250
29   41  0.0279
29   42  0.0307
29   43  0.0336
29   44  0.0364
29   45  0.0393
29   46  0.0421
29   47  0.0450
29   48  0.0474
29   49  0.0489
29   50  0.0503
29   51  0.0518
29   52  0.0533
29   53  0.0547
29   54  0.0562
29   55  0.0577
29   56  0.0591
29   57  0.0606
29   58  0.0621
29   59  0.0636
29   60  0.0650
29   61  0.0665
29   62  0.0680
29   63  0.0694
29   64  0.0709
29   65  0.0724
29   66  0.0739
29   67  0.0750
29   68  0.0759
29   69  0.0768
29   70  0.0778
29   71  0.0787
29   72  0.0797
29   73  0.0806
29   74  0.0816
29   75  0.0825
29   76  0.0835
29   77  0.0844
29   78  0.0854
29   79  0.0863
29   80  0.0873
29   81  0.0882
29   82  0.0891
29   83  0.0901
29   84  0.0910
29   85  0.0920
29   86  0.0929
29   87  0.0939
29   88  0.0948
30   3  0.0688
30   4  0.0679
30   5  0.0669
30   6  0.0660
30   7  0.0651
30   8  0.0642
30   9  0.0632
30   10  0.0623
30   11  0.0614
30   12  0.0604
30   13  0.0593
30   14  0.0582
30   15  0.0570
30   16  0.0559
30   17  0.0547
30   18  0.0536
30   19  0.0524
30   20  0.0513
30   21  0.0501
30   22  0.0490
30   23  0.0478
30   24  0.0447
30   25  0.0415
30   26  0.0383
30   27  0.0351
30   28  0.0319
30   29  0.0286
30   30  0.0254
30   31  0.0222
30   32  0.0190
30   38  0.0162
30   39  0.0194
30   40  0.0225
30   41  0.0257
30   42  0.0288
30   43  0.0320
30   44  0.0351
30   45  0.0383
30   46  0.0415
30   47  0.0446
30   48  0.0476
30   49  0.0489
30   50  0.0502
30   51  0.0515
30   52  0.0528
30   53  0.0540
30   54  0.0553
30   55  0.0566
30   56  0.0579
30   57  0.0592
30   58  0.0605
30   59  0.0618
30   60  0.0631
30   61  0.0644
30   62  0.0657
30   63  0.0670
30   64  0.0683
30   65  0.0696
30   66  0.0709
30   67  0.0720
30   68  0.0731
30   69  0.0741
30   70  0.0751
30   71  0.0761
30   72  0.0771
30   73  0.0781
30   74  0.0791
30   75  0.0802
30   76  0.0812
30   77  0.0822
30   78  0.0832
30   79  0.0842
30   80  0.0852
30   81  0.0862
30   82  0.0872
30   83  0.0883
30   84  0.0893
30   85  0.0903
30   86  0.0913
30   87  0.0923
31   3  0.0693
31   4  0.0684
31   5  0.0675
31   6  0.0666
31   7  0.0657
31   8  0.0647
31   9  0.0638
31   10  0.0629
31   11  0.0620
31   12  0.0611
31   13  0.0602
31   14  0.0593
31   15  0.0583
31   16  0.0574
31   17  0.0565
31   18  0.0556
31   19  0.0547
31   20  0.0538
31   21  0.0527
31   22  0.0509
31   23  0.0490
31   24  0.0471
31   25  0.0452
31   26  0.0434
31   27  0.0415
31   28  0.0396
31   29  0.0363
31   30  0.0318
31   31  0.0274
31   32  0.0230
31   33  0.0186
31   34  0.0142
31   40  0.0144
31   41  0.0181
31   42  0.0218
31   43  0.0255
31   44  0.0292
31   45  0.0329
31   46  0.0366
31   47  0.0402
31   48  0.0439
31   49  0.0452
31   50  0.0465
31   51  0.0477
31   52  0.0490
31   53  0.0502
31   54  0.0515
31   55  0.0527
31   56  0.0540
31   57  0.0552
31   58  0.0565
31   59  0.0577
31   60  0.0590
31   61  0.0602
31   62  0.0615
31   63  0.0627
31   64  0.0640
31   65  0.0652
31   66  0.0665
31   67  0.0678
31   68  0.0690
31   69  0.0703
31   70  0.0715
31   71  0.0728
31   72  0.0735
31   73  0.0742
31   74  0.0749
31   75  0.0756
31   76  0.0763
31   77  0.0770
31   78  0.0777
31   79  0.0784
31   80  0.0792
31   81  0.0799
31   82  0.0806
31   83  0.0813
32   2  0.0713
32   3  0.0706
32   4  0.0698
32   5  0.0690
32   6  0.0683
32   7  0.0675
32   8  0.0668
32   9  0.0660
32   10  0.0652
32   11  0.0645
32   12  0.0637
32   13  0.0630
32   14  0.0622
32   15  0.0614
32   16  0.0607
32   17  0.0599
32   18  0.0592
32   19  0.0584
32   20  0.0576
32   21  0.0569
32   22  0.0561
32   23  0.0554
32   24  0.0534
32   25  0.0501
32   26  0.0467
32   27  0.0434
32   28  0.0401
32   29  0.0367
32   30  0.0334
32   31  0.0301
32   32  0.0267
32   33  0.0234
32   34  0.0201
32   35  0.0168
32   41  0.0143
32   42  0.0180
32   43  0.0217
32   44  0.0254
32   45  0.0291
32   46  0.0328
32   47  0.0364
32   48  0.0401
32   49  0.0432
32   50  0.0444
32   51  0.0457
32   52  0.0469
32   53  0.0482
32   54  0.0494
32   55  0.0507
32   56  0.0519
32   57  0.0532
32   58  0.0544
32   59  0.0557
32   60  0.0569
32   61  0.0582
32   62  0.0594
32   63  0.0607
32   64  0.0619
32   65  0.0632
32   66  0.0644
32   67  0.0656
32   68  0.0669
32   69  0.0681
32   70  0.0694
32   71  0.0706
32   72  0.0719
32   73  0.0731
32   74  0.0744
32   75  0.0756
32   76  0.0769
