  &pltpar    
       iwrite=0,
       iout=1, itimes=-1,
       iout=1, itimes=0,
       iout=2, itimes=2,
  &end
  &axepar 
  &end   
  &propar 
       i2d=1, istop=1, tmax=50.,
       reverse=6, nreverse=1,
  &end   
  &srcpar 
 isource=  1,97*0,1,
      isource=  1,32*0,1,31*0,1,32*0,1,
      isource=  1,8*0,1,9*0,1,9*0,1,9*0,1,9*0,1,9*0,1,9*0,1,
                  9*0,1,9*0,1,8*0,1,
      isource=  1,6*0,1,5*0,1,5*0,1,5*0,1,5*0,1,5*0,1,5*0,1,
                  5*0,1,5*0,1,5*0,1,5*0,1,5*0,1,5*0,1,5*0,1,
                  5*0,1,6*0,1,
      isource=  1,4*0,1,3*0,1,3*0,1,3*0,1,3*0,1,3*0,1,3*0,1,
                  3*0,1,3*0,1,3*0,1,3*0,1,3*0,1,3*0,1,3*0,1,
                  3*0,1,3*0,1,3*0,1,3*0,1,3*0,1,3*0,1,3*0,1,
                  3*0,1,3*0,1,4*0,1,
      isource=  1,0,1,0,1,0,1,0,1,0,1,0,1,0,1,0,1,0,1,0,1,
                  0,1,0,1,0,1,0,1,0,1,0,1,0,1,0,1,0,1,0,1,
                  0,1,0,1,0,1,0,1,0,1,0,1,0,1,0,1,0,1,0,1,
                  0,1,0,1,0,1,0,1,0,1,0,1,0,1,0,1,0,1,0,1,
                  0,1,0,1,0,1,0,1,0,1,0,1,0,1,0,1,0,1,
      isource=  49*0,1,49*0,
      isource=  1,48*0,1,48*0,1,
      isource=  1,23*0,1,24*0,1,24*0,1,23*0,1,
      isource=  99*1,
      isource=  1,16*0,1,15*0,1,15*0,1,15*0,1,15*0,1,16*0,1,

      xsource=3,6,9,12,15,18,21,24,27,30,33,36,39,42,45,48,51,
              54,57,60,63,66,69,72,75,78,81,84,87,90,93,96,99,
              102,105,108,111,114,117,120,123,126,129,132,135,138,
              141,144,147,150,153,156,159,162,165,168,171,174,177,
              180,183,186,189,192,195,198,201,204,207,210,213,216,
              219,222,225,228,231,234,237,240,243,246,249,252,255,
              258,261,264,267,270,273,276,279,282,285,288,291,294,297,
      ysource=99*0.,
      zsource=99*.5,
  &end
