  &pltpar    
          iscreen=0,
          ircol=2, iscol=-4, irec=0, ireccol=3,
          iray=2, itomo=0, itrms=0, 
          iray=0, itomo=1, itrms=1,
          iray=0, itomo=5, itrms=1,
          iwater=0, istep=0,
          iplot=1, xwndow=292., ywndow=200., 
          ndecir=1, npskip=1, symht=1., souht=2.,
          ixz=1, ixy=0,
  &end
  &axepar 
          xmm=220.0, ymm=10.0, zmm=50.0,
          iaxlab=1, xorig=15., albht=2.5, 
  &end   
  &raypar
          itrace=50,98*0,
          itrace=1,99,97*0,
          itrace=1,34,66,99,95*0,
          itrace=1,10,20,30,40,50,60,70,80,90,99,88*0,
          itrace=1,8,14,20,26,32,38,44,50,56,62,68,74,80,86,92,99,82*0,
          itrace=1,6,10,14,18,22,26,30,34,38,42,46,50,54,58,62,66,70,
                 74,78,82,86,90,94,99,74*0,
          itrace=1,3,5,7,9,11,13,15,17,19,21,23,25,27,29,31,33,35,37,
                 39,41,43,45,47,49,51,53,55,57,59,61,63,65,67,69,71,
                 73,75,77,79,81,83,85,87,89,91,93,95,97,99,49*0,
          itrace=1,50,99,96*0,
          itrace=1,25,50,75,99,94*0,
          itrace= 1, 2, 3, 4, 5, 6, 7, 8, 9,
              10,11,12,13,14,15,16,17,18,19,
              20,21,22,23,24,25,26,27,28,29,
              30,31,32,33,34,35,36,37,38,39,
              40,41,42,43,44,45,46,47,48,49,
              50,51,52,53,54,55,56,57,58,59,
              60,61,62,63,64,65,66,67,68,69,
              70,71,72,73,74,75,76,77,78,79,
              80,81,82,83,84,85,86,87,88,89,
              90,91,92,93,94,95,96,97,98,99,
          itrace=1,18,34,50,66,82,99,92*0,

          tmax=50., 
  &end
  &ttpar
  &end
